 559
 4
 1.6000000e+01  1.0000000e+01 -8.1303190e-31 
 0.0000000e+00  1.0000000e+01 -8.1303190e-31 
-8.8817842e-16 -1.0000000e+01 -4.3333799e-33 
 1.6000000e+01 -1.0000000e+01 -6.5129219e-31 
-9.9936238e+00  3.5704902e-01 -1.8409585e-31 
-6.8093714e+00  7.3234187e+00 -5.4194034e-31 
-3.6659218e+00  9.3038174e+00 -6.9720155e-31 
-1.8665423e+00  9.8242567e+00 -7.6128242e-31 
-7.5094301e-01  9.9717644e+00 -7.9392940e-31 
-3.6807223e-01  9.9932238e+00 -8.0395448e-31 
-1.1208909e+00  9.9369816e+00 -7.8367467e-31 
-1.4892912e+00  9.8884787e+00 -7.7290219e-31 
-2.5934059e+00  9.6578593e+00 -7.3716927e-31 
-2.2302846e+00  9.7481193e+00 -7.4950394e-31 
-2.9541127e+00  9.5537018e+00 -7.2433042e-31 
-3.3123745e+00  9.4354743e+00 -7.1098111e-31 
-5.3366364e+00  8.4569683e+00 -6.2299970e-31 
-4.3545825e+00  9.0020893e+00 -6.6853005e-31 
-4.0202620e+00  9.1562816e+00 -6.8276097e-31 
-4.6835317e+00  8.8354134e+00 -6.5392283e-31 
-5.0133960e+00  8.6525060e+00 -6.3863741e-31 
-5.9549407e+00  8.0335971e+00 -5.9109233e-31 
-5.6497556e+00  8.2510764e+00 -6.0718540e-31 
-6.2458262e+00  7.8095873e+00 -5.7507721e-31 
-6.5321234e+00  7.5717477e+00 -5.5861263e-31 
-9.0205318e+00  4.3162491e+00 -3.6745989e-31 
-8.0578544e+00  5.9220758e+00 -4.5541636e-31 
-7.3418574e+00  6.7894867e+00 -5.0761502e-31 
-7.0863468e+00  7.0557557e+00 -5.2449280e-31 
-7.5888496e+00  6.5122471e+00 -4.9049739e-31 
-7.8289151e+00  6.2215824e+00 -4.7300258e-31 
-8.4814382e+00  5.2976605e+00 -4.2003704e-31 
-8.2789470e+00  5.6088356e+00 -4.3746250e-31 
-8.6730451e+00  4.9777796e+00 -4.0251989e-31 
-8.8525932e+00  4.6509777e+00 -3.8501131e-31 
-9.6646197e+00  2.5680979e+00 -2.8136846e-31 
-9.3154092e+00  3.6363652e+00 -3.3291606e-31 
-9.1742707e+00  3.9790397e+00 -3.5014778e-31 
-9.4458802e+00  3.2825824e+00 -3.1549032e-31 
-9.5629206e+00  2.9241323e+00 -2.9819708e-31 
-9.8911895e+00  1.4711801e+00 -2.3159565e-31 
-9.7535982e+00  2.2062008e+00 -2.6460701e-31 
-9.8292667e+00  1.8399770e+00 -2.4798897e-31 
-9.9393092e+00  1.1000607e+00 -2.1543855e-31 
-9.9733881e+00  7.2906085e-01 -1.9962211e-31 
-7.2599251e+00 -6.8770261e+00  4.3029780e-32 
-9.4127146e+00 -3.3765075e+00 -4.7023752e-32 
-9.8792178e+00 -1.5495343e+00 -1.0973962e-31 
-9.9920230e+00 -3.9934427e-01 -1.5354943e-31 
-9.9999905e+00 -1.3793860e-02 -1.6894857e-31 
-9.9691962e+00 -7.8430081e-01 -1.3852971e-31 
-9.9314480e+00 -1.1689056e+00 -1.2388109e-31 
-9.7316286e+00 -2.3011745e+00 -8.2877089e-32 
-9.8126227e+00 -1.9267681e+00 -9.6078996e-32 
-9.6390847e+00 -2.6623384e+00 -7.0486884e-32 
-9.5325901e+00 -3.0215437e+00 -5.8509550e-32 
-8.6192154e+00 -5.0704167e+00  2.4907014e-33 
-9.1306852e+00 -4.0780618e+00 -2.5401940e-32 
-9.2789454e+00 -3.7284275e+00 -3.5993340e-32 
-8.9692562e+00 -4.4218145e+00 -1.5363327e-32 
-8.8023646e+00 -4.7453533e+00 -6.2727169e-33 
-7.9933234e+00 -6.0088918e+00  2.5468003e-32 
-8.4240674e+00 -5.3884217e+00  1.0681726e-32 
-8.2145557e+00 -5.7027251e+00  1.8379534e-32 
-7.7611516e+00 -6.3059120e+00  3.1924986e-32 
-7.5159650e+00 -6.5962316e+00  3.7799748e-32 
-4.1736498e+00 -9.0873895e+00  5.8589194e-32 
-5.8221820e+00 -8.1303257e+00  5.9319417e-32 
-6.7054313e+00 -7.4187055e+00  5.1670356e-32 
-6.9926081e+00 -7.1486665e+00  4.7619943e-32 
-6.4144232e+00 -7.6717126e+00  5.4940450e-32 
-6.1225982e+00 -7.9065664e+00  5.7456973e-32 
-5.1852109e+00 -8.5506484e+00  6.1080277e-32 
-5.5077075e+00 -8.3465656e+00  6.0541569e-32 
-4.8448942e+00 -8.7479712e+00  6.0919433e-32 
-4.5124644e+00 -8.9239938e+00  6.0085952e-32 
-2.3582045e+00 -9.7179664e+00  4.0665333e-32 
-3.4571433e+00 -9.3833981e+00  5.3421127e-32 
-3.8182661e+00 -9.2423397e+00  5.6354653e-32 
-3.0975468e+00 -9.5081651e+00  4.9865366e-32 
-2.7298919e+00 -9.6201710e+00  4.5600873e-32 
-1.2867392e+00 -9.9168696e+00  2.3081030e-32 
-1.9894789e+00 -9.8001007e+00  3.5167375e-32 
-1.6391491e+00 -9.8647448e+00  2.9402189e-32 
-9.4786522e-01 -9.9549762e+00  1.6516800e-32 
-6.0788904e-01 -9.9815064e+00  9.4581146e-33 
-3.0408514e-01 -9.9953755e+00  2.7526339e-33 
 1.6000000e+01  4.1233432e-03 -7.3219539e-31 
 1.6000000e+01  5.0051542e+00 -7.7263865e-31 
 1.6000000e+01  7.7354579e+00 -7.9471858e-31 
 1.6000000e+01  8.8708496e+00 -8.0390047e-31 
 1.6000000e+01  9.6166992e+00 -8.0993215e-31 
 1.6000000e+01  9.2333984e+00 -8.0683240e-31 
 1.6000000e+01  8.4933305e+00 -8.0084748e-31 
 1.6000000e+01  8.1158113e+00 -7.9779449e-31 
 1.6000000e+01  6.5954867e+00 -7.8549965e-31 
 1.6000000e+01  7.3571574e+00 -7.9165927e-31 
 1.6000000e+01  6.9788569e+00 -7.8859996e-31 
 1.6000000e+01  5.7977434e+00 -7.7904831e-31 
 1.6000000e+01  6.1966151e+00 -7.8227398e-31 
 1.6000000e+01  5.4014488e+00 -7.7584348e-31 
 1.6000000e+01  2.7317147e+00 -7.5425338e-31 
 1.6000000e+01  3.8586175e+00 -7.6336663e-31 
 1.6000000e+01  4.6093750e+00 -7.6943799e-31 
 1.6000000e+01  4.2333984e+00 -7.6639747e-31 
 1.6000000e+01  3.4834713e+00 -7.6033282e-31 
 1.6000000e+01  3.1075930e+00 -7.5729310e-31 
 1.6000000e+01  1.5954867e+00 -7.4506472e-31 
 1.6000000e+01  2.3551044e+00 -7.5120774e-31 
 1.6000000e+01  1.9788569e+00 -7.4816503e-31 
 1.6000000e+01  7.9774337e-01 -7.3861338e-31 
 1.6000000e+01  1.1966151e+00 -7.4183905e-31 
 1.6000000e+01  3.9887169e-01 -7.3538771e-31 
 1.6000000e+01 -5.0000000e+00 -6.9172712e-31 
 1.6000000e+01 -2.2690707e+00 -7.1381210e-31 
 1.6000000e+01 -1.1414353e+00 -7.2293127e-31 
 1.6000000e+01 -3.9062500e-01 -7.2900307e-31 
 1.6000000e+01 -7.6660156e-01 -7.2596255e-31 
 1.6000000e+01 -1.5166608e+00 -7.1989683e-31 
 1.6000000e+01 -1.8928658e+00 -7.1685447e-31 
 1.6000000e+01 -3.4045133e+00 -7.0462980e-31 
 1.6000000e+01 -2.6451069e+00 -7.1077110e-31 
 1.6000000e+01 -3.0211431e+00 -7.0773011e-31 
 1.6000000e+01 -4.2022566e+00 -6.9817846e-31 
 1.6000000e+01 -3.8033849e+00 -7.0140413e-31 
 1.6000000e+01 -4.6011283e+00 -6.9495279e-31 
 1.6000000e+01 -7.2686482e+00 -6.7338059e-31 
 1.6000000e+01 -6.1413825e+00 -6.8249678e-31 
 1.6000000e+01 -5.3906250e+00 -6.8856814e-31 
 1.6000000e+01 -5.7666016e+00 -6.8552762e-31 
 1.6000000e+01 -6.5165287e+00 -6.7946297e-31 
 1.6000000e+01 -6.8925884e+00 -6.7642178e-31 
 1.6000000e+01 -8.4122640e+00 -6.6413219e-31 
 1.6000000e+01 -7.6531077e+00 -6.7027148e-31 
 1.6000000e+01 -8.0211431e+00 -6.6729518e-31 
 1.6000000e+01 -9.2022566e+00 -6.5774353e-31 
 1.6000000e+01 -8.8033849e+00 -6.6096920e-31 
 1.6000000e+01 -9.6011283e+00 -6.5451786e-31 
 8.3703257e+00 -1.0000000e+01 -3.4278688e-31 
 1.2176782e+01 -1.0000000e+01 -4.9670066e-31 
 1.4090343e+01 -1.0000000e+01 -5.7407534e-31 
 1.5234375e+01 -1.0000000e+01 -6.2033420e-31 
 1.5617188e+01 -1.0000000e+01 -6.3581320e-31 
 1.4855865e+01 -1.0000000e+01 -6.0502920e-31 
 1.4471702e+01 -1.0000000e+01 -5.8949559e-31 
 1.3327833e+01 -1.0000000e+01 -5.4324332e-31 
 1.3709088e+01 -1.0000000e+01 -5.5865933e-31 
 1.2945387e+01 -1.0000000e+01 -5.2777913e-31 
 1.2562940e+01 -1.0000000e+01 -5.1231493e-31 
 1.0266075e+01 -1.0000000e+01 -4.1944136e-31 
 1.1415195e+01 -1.0000000e+01 -4.6590596e-31 
 1.1785794e+01 -1.0000000e+01 -4.8089109e-31 
 1.1035732e+01 -1.0000000e+01 -4.5056240e-31 
 1.0656269e+01 -1.0000000e+01 -4.3521884e-31 
 9.5026025e+00 -1.0000000e+01 -3.8857041e-31 
 9.8765934e+00 -1.0000000e+01 -4.0369270e-31 
 9.1286116e+00 -1.0000000e+01 -3.7344811e-31 
 8.7406514e+00 -1.0000000e+01 -3.5776097e-31 
 4.5488513e+00 -1.0000000e+01 -1.8826584e-31 
 6.4603139e+00 -1.0000000e+01 -2.6555569e-31 
 7.6066816e+00 -1.0000000e+01 -3.1190899e-31 
 7.9885036e+00 -1.0000000e+01 -3.2734793e-31 
 7.2265160e+00 -1.0000000e+01 -2.9653702e-31 
 6.8463503e+00 -1.0000000e+01 -2.8116505e-31 
 5.6927646e+00 -1.0000000e+01 -2.3451989e-31 
 6.0765392e+00 -1.0000000e+01 -2.5003779e-31 
 5.3099751e+00 -1.0000000e+01 -2.1904183e-31 
 4.9294132e+00 -1.0000000e+01 -2.0365384e-31 
 2.6503758e+00 -1.0000000e+01 -1.1150113e-31 
 3.7908793e+00 -1.0000000e+01 -1.5761730e-31 
 4.1646280e+00 -1.0000000e+01 -1.7272980e-31 
 3.4126813e+00 -1.0000000e+01 -1.4232489e-31 
 3.0315285e+00 -1.0000000e+01 -1.2691301e-31 
 1.5085801e+00 -1.0000000e+01 -6.5332705e-32 
 2.2705490e+00 -1.0000000e+01 -9.6142860e-32 
 1.8907222e+00 -1.0000000e+01 -8.0784592e-32 
 1.1264380e+00 -1.0000000e+01 -4.9880818e-32 
 7.3922496e-01 -1.0000000e+01 -3.4223886e-32 
 3.6961248e-01 -1.0000000e+01 -1.9278633e-32 
 7.6296743e+00  1.0000000e+01 -8.1303190e-31 
 3.8232179e+00  1.0000000e+01 -8.1303190e-31 
 1.9104958e+00  1.0000000e+01 -8.1303190e-31 
 7.6318359e-01  1.0000000e+01 -8.1303190e-31 
 3.8159180e-01  1.0000000e+01 -8.1303190e-31 
 1.1513672e+00  1.0000000e+01 -8.1303190e-31 
 1.5226440e+00  1.0000000e+01 -8.1303190e-31 
 2.6704682e+00  1.0000000e+01 -8.1303190e-31 
 2.2900346e+00  1.0000000e+01 -8.1303190e-31 
 3.0513491e+00  1.0000000e+01 -8.1303190e-31 
 3.4322301e+00  1.0000000e+01 -8.1303190e-31 
 5.7339250e+00  1.0000000e+01 -8.1303190e-31 
 4.5813626e+00  1.0000000e+01 -8.1303190e-31 
 4.2142058e+00  1.0000000e+01 -8.1303190e-31 
 4.9625467e+00  1.0000000e+01 -8.1303190e-31 
 5.3437308e+00  1.0000000e+01 -8.1303190e-31 
 6.4951845e+00  1.0000000e+01 -8.1303190e-31 
 6.1234066e+00  1.0000000e+01 -8.1303190e-31 
 6.8713884e+00  1.0000000e+01 -8.1303190e-31 
 7.2505314e+00  1.0000000e+01 -8.1303190e-31 
 1.1443826e+01  1.0000000e+01 -8.1303190e-31 
 9.5396861e+00  1.0000000e+01 -8.1303190e-31 
 8.3968966e+00  1.0000000e+01 -8.1303190e-31 
 8.0220333e+00  1.0000000e+01 -8.1303190e-31 
 8.7752731e+00  1.0000000e+01 -8.1303190e-31 
 9.1536497e+00  1.0000000e+01 -8.1303190e-31 
 1.0304929e+01  1.0000000e+01 -8.1303190e-31 
 9.9223076e+00  1.0000000e+01 -8.1303190e-31 
 1.0684136e+01  1.0000000e+01 -8.1303190e-31 
 1.1063981e+01  1.0000000e+01 -8.1303190e-31 
 1.3349624e+01  1.0000000e+01 -8.1303190e-31 
 1.2211345e+01  1.0000000e+01 -8.1303190e-31 
 1.1827586e+01  1.0000000e+01 -8.1303190e-31 
 1.2589908e+01  1.0000000e+01 -8.1303190e-31 
 1.2968471e+01  1.0000000e+01 -8.1303190e-31 
 1.4498083e+01  1.0000000e+01 -8.1303190e-31 
 1.3722333e+01  1.0000000e+01 -8.1303190e-31 
 1.4109278e+01  1.0000000e+01 -8.1303190e-31 
 1.4879429e+01  1.0000000e+01 -8.1303190e-31 
 1.5260775e+01  1.0000000e+01 -8.1303190e-31 
 1.5630388e+01  1.0000000e+01 -8.1303190e-31 
 6.7730250e-01  3.8810900e-02  0.0000000e+00 
 6.5450850e-01  4.0917400e-02  0.0000000e+00 
 6.3135370e-01  4.2977800e-02  0.0000000e+00 
 6.0789210e-01  4.4980200e-02  0.0000000e+00 
 5.8417860e-01  4.6912400e-02  0.0000000e+00 
 5.6026830e-01  4.8761900e-02  0.0000000e+00 
 5.3621740e-01  5.0516100e-02  0.0000000e+00 
 5.1208190e-01  5.2162000e-02  0.0000000e+00 
 4.8791810e-01  5.3686600e-02  0.0000000e+00 
 4.6378260e-01  5.5076900e-02  0.0000000e+00 
 4.3973170e-01  5.6320000e-02  0.0000000e+00 
 4.1582150e-01  5.7403300e-02  0.0000000e+00 
 3.9210790e-01  5.8314500e-02  0.0000000e+00 
 3.6864630e-01  5.9041900e-02  0.0000000e+00 
 3.4549150e-01  5.9574700e-02  0.0000000e+00 
 3.2269760e-01  5.9902800e-02  0.0000000e+00 
 3.0031770e-01  6.0017200e-02  0.0000000e+00 
 2.7840420e-01  5.9910200e-02  0.0000000e+00 
 2.5700830e-01  5.9575500e-02  0.0000000e+00 
 2.3617990e-01  5.9008100e-02  0.0000000e+00 
 2.1596760e-01  5.8204800e-02  0.0000000e+00 
 1.9641870e-01  5.7164000e-02  0.0000000e+00 
 1.7757890e-01  5.5885600e-02  0.0000000e+00 
 1.5949210e-01  5.4371500e-02  0.0000000e+00 
 1.4220050e-01  5.2625100e-02  0.0000000e+00 
 1.2574460e-01  5.0651300e-02  0.0000000e+00 
 1.1016280e-01  4.8456700e-02  0.0000000e+00 
 9.5491500e-02  4.6048900e-02  0.0000000e+00 
 8.1764900e-02  4.3437100e-02  0.0000000e+00 
 6.9015200e-02  4.0631000e-02  0.0000000e+00 
 5.7272000e-02  3.7641400e-02  0.0000000e+00 
 4.6562800e-02  3.4479200e-02  0.0000000e+00 
 3.6912700e-02  3.1155900e-02  0.0000000e+00 
 2.8344100e-02  2.7682700e-02  0.0000000e+00 
 2.0877100e-02  2.4070600e-02  0.0000000e+00 
 1.4529100e-02  2.0330000e-02  0.0000000e+00 
 9.3149000e-03  1.6470600e-02  0.0000000e+00 
 5.2468000e-03  1.2501100e-02  0.0000000e+00 
 2.3342000e-03  8.4289000e-03  0.0000000e+00 
 5.8390000e-04  4.2603000e-03  0.0000000e+00 
 5.8390000e-04 -4.2603000e-03  0.0000000e+00 
 2.3342000e-03 -8.4289000e-03  0.0000000e+00 
 5.2468000e-03 -1.2501100e-02  0.0000000e+00 
 9.3149000e-03 -1.6470600e-02  0.0000000e+00 
 1.4529100e-02 -2.0330000e-02  0.0000000e+00 
 2.0877100e-02 -2.4070600e-02  0.0000000e+00 
 2.8344100e-02 -2.7682700e-02  0.0000000e+00 
 3.6912700e-02 -3.1155900e-02  0.0000000e+00 
 4.6562800e-02 -3.4479200e-02  0.0000000e+00 
 5.7272000e-02 -3.7641400e-02  0.0000000e+00 
 6.9015200e-02 -4.0631000e-02  0.0000000e+00 
 8.1764900e-02 -4.3437100e-02  0.0000000e+00 
 9.5491500e-02 -4.6048900e-02  0.0000000e+00 
 1.1016280e-01 -4.8456700e-02  0.0000000e+00 
 1.2574460e-01 -5.0651300e-02  0.0000000e+00 
 1.4220050e-01 -5.2625100e-02  0.0000000e+00 
 1.5949210e-01 -5.4371500e-02  0.0000000e+00 
 1.7757890e-01 -5.5885600e-02  0.0000000e+00 
 1.9641870e-01 -5.7164000e-02  0.0000000e+00 
 2.1596760e-01 -5.8204800e-02  0.0000000e+00 
 2.3617990e-01 -5.9008100e-02  0.0000000e+00 
 2.5700830e-01 -5.9575500e-02  0.0000000e+00 
 2.7840420e-01 -5.9910200e-02  0.0000000e+00 
 3.0031770e-01 -6.0017200e-02  0.0000000e+00 
 3.2269760e-01 -5.9902800e-02  0.0000000e+00 
 3.4549150e-01 -5.9574700e-02  0.0000000e+00 
 3.6864630e-01 -5.9041900e-02  0.0000000e+00 
 3.9210790e-01 -5.8314500e-02  0.0000000e+00 
 4.1582150e-01 -5.7403300e-02  0.0000000e+00 
 4.3973170e-01 -5.6320000e-02  0.0000000e+00 
 4.6378260e-01 -5.5076900e-02  0.0000000e+00 
 4.8791810e-01 -5.3686600e-02  0.0000000e+00 
 5.1208190e-01 -5.2162000e-02  0.0000000e+00 
 5.3621740e-01 -5.0516100e-02  0.0000000e+00 
 5.6026830e-01 -4.8761900e-02  0.0000000e+00 
 5.8417860e-01 -4.6912400e-02  0.0000000e+00 
 6.0789210e-01 -4.4980200e-02  0.0000000e+00 
 6.3135370e-01 -4.2977800e-02  0.0000000e+00 
 6.5450850e-01 -4.0917400e-02  0.0000000e+00 
 6.7730250e-01 -3.8810900e-02  0.0000000e+00 
 0.0000000e+00  0.0000000e+00  0.0000000e+00 
 6.8700000e-01  3.7883216e-02  0.0000000e+00 
 6.8700000e-01 -3.7883216e-02  0.0000000e+00 
 2.4610600e-02 -2.5876650e-02  0.0000000e+00 
 3.2628400e-02 -2.9419300e-02  0.0000000e+00 
 4.1737750e-02 -3.2817550e-02  0.0000000e+00 
 5.1917400e-02 -3.6060300e-02  0.0000000e+00 
 6.3143600e-02 -3.9136200e-02  0.0000000e+00 
 7.5390050e-02 -4.2034050e-02  0.0000000e+00 
 8.8628200e-02 -4.4743000e-02  0.0000000e+00 
 1.0282715e-01 -4.7252800e-02  0.0000000e+00 
 1.1795370e-01 -4.9554000e-02  0.0000000e+00 
 1.3644389e-01 -5.1934624e-02  0.0000000e+00 
 1.3079851e-01 -5.1257491e-02  0.0000000e+00 
 1.5367421e-01 -5.3783910e-02  0.0000000e+00 
 1.4796137e-01 -5.3206930e-02  0.0000000e+00 
 1.7148968e-01 -5.5375853e-02  0.0000000e+00 
 1.6551397e-01 -5.4875609e-02  0.0000000e+00 
 1.9009274e-01 -5.6734743e-02  0.0000000e+00 
 1.8391455e-01 -5.6315514e-02  0.0000000e+00 
 2.0944038e-01 -5.7857285e-02  0.0000000e+00 
 2.0304362e-01 -5.7516716e-02  0.0000000e+00 
 2.2943118e-01 -5.8739885e-02  0.0000000e+00 
 2.2281734e-01 -5.8477030e-02  0.0000000e+00 
 2.5005387e-01 -5.9386050e-02  0.0000000e+00 
 2.4323843e-01 -5.9200386e-02  0.0000000e+00 
 2.7133694e-01 -5.9799646e-02  0.0000000e+00 
 2.6431546e-01 -5.9689807e-02  0.0000000e+00 
 2.9278493e-01 -5.9980419e-02  0.0000000e+00 
 2.8559457e-01 -5.9945309e-02  0.0000000e+00 
 3.1500451e-01 -5.9942125e-02  0.0000000e+00 
 3.0766110e-01 -5.9979663e-02  0.0000000e+00 
 3.3765610e-01 -5.9687484e-02  0.0000000e+00 
 3.3017685e-01 -5.9795142e-02  0.0000000e+00 
 3.6141042e-01 -5.9208400e-02  0.0000000e+00 
 3.5345096e-01 -5.9391550e-02  0.0000000e+00 
 3.8558279e-01 -5.8516803e-02  0.0000000e+00 
 3.7967372e-01 -5.8700007e-02  0.0000000e+00 
 3.7401816e-01 -5.8875352e-02  0.0000000e+00 
 4.0922631e-01 -5.7656722e-02  0.0000000e+00 
 4.0325377e-01 -5.7886218e-02  0.0000000e+00 
 3.9753746e-01 -5.8105868e-02  0.0000000e+00 
 4.3333118e-01 -5.6609988e-02  0.0000000e+00 
 4.2726664e-01 -5.6884755e-02  0.0000000e+00 
 4.2155566e-01 -5.7143502e-02  0.0000000e+00 
 4.5734442e-01 -5.5409665e-02  0.0000000e+00 
 4.5124419e-01 -5.5724963e-02  0.0000000e+00 
 4.4549961e-01 -5.6021879e-02  0.0000000e+00 
 4.8145727e-01 -5.4058769e-02  0.0000000e+00 
 4.7533558e-01 -5.4411403e-02  0.0000000e+00 
 4.6957080e-01 -5.4743477e-02  0.0000000e+00 
 5.0561350e-01 -5.2570120e-02  0.0000000e+00 
 4.9948463e-01 -5.2956817e-02  0.0000000e+00 
 4.9371308e-01 -5.3320969e-02  0.0000000e+00 
 5.2975657e-01 -5.0956691e-02  0.0000000e+00 
 5.2363488e-01 -5.1374154e-02  0.0000000e+00 
 5.1787010e-01 -5.1767279e-02  0.0000000e+00 
 5.5383012e-01 -4.9231481e-02  0.0000000e+00 
 5.4772989e-01 -4.9676414e-02  0.0000000e+00 
 5.4198531e-01 -5.0095406e-02  0.0000000e+00 
 5.7777806e-01 -4.7407492e-02  0.0000000e+00 
 5.7171349e-01 -4.7876596e-02  0.0000000e+00 
 5.6600249e-01 -4.8318351e-02  0.0000000e+00 
 6.0129694e-01 -4.5517581e-02  0.0000000e+00 
 5.9532442e-01 -4.6004227e-02  0.0000000e+00 
 5.8960813e-01 -4.6469996e-02  0.0000000e+00 
 6.2482859e-01 -4.3534705e-02  0.0000000e+00 
 6.1891952e-01 -4.4039032e-02  0.0000000e+00 
 6.1326396e-01 -4.4521723e-02  0.0000000e+00 
 6.4806872e-01 -4.1490435e-02  0.0000000e+00 
 6.4200341e-01 -4.2030150e-02  0.0000000e+00 
 6.3643512e-01 -4.2525636e-02  0.0000000e+00 
 6.6946706e-01 -3.9535009e-02  0.0000000e+00 
 6.6198778e-01 -4.0226205e-02  0.0000000e+00 
 6.8215125e-01 -3.8347058e-02  0.0000000e+00 
 6.8215125e-01  3.8347058e-02  0.0000000e+00 
 6.6234394e-01  4.0193291e-02  0.0000000e+00 
 6.6982322e-01  3.9502095e-02  0.0000000e+00 
 6.3779348e-01  4.2404765e-02  0.0000000e+00 
 6.4385879e-01  4.1865050e-02  0.0000000e+00 
 6.4942708e-01  4.1369564e-02  0.0000000e+00 
 6.1441721e-01  4.4423295e-02  0.0000000e+00 
 6.2032628e-01  4.3918968e-02  0.0000000e+00 
 6.2598184e-01  4.3436277e-02  0.0000000e+00 
 5.9077376e-01  4.6375019e-02  0.0000000e+00 
 5.9674628e-01  4.5888373e-02  0.0000000e+00 
 6.0246257e-01  4.5422604e-02  0.0000000e+00 
 5.6666884e-01  4.8266808e-02  0.0000000e+00 
 5.7273341e-01  4.7797704e-02  0.0000000e+00 
 5.7844441e-01  4.7355949e-02  0.0000000e+00 
 5.4265558e-01  5.0046519e-02  0.0000000e+00 
 5.4875581e-01  4.9601586e-02  0.0000000e+00 
 5.5450039e-01  4.9182594e-02  0.0000000e+00 
 5.1854273e-01  5.1721409e-02  0.0000000e+00 
 5.2466442e-01  5.1303946e-02  0.0000000e+00 
 5.3042920e-01  5.0910821e-02  0.0000000e+00 
 4.9438650e-01  5.3278480e-02  0.0000000e+00 
 5.0051537e-01  5.2891783e-02  0.0000000e+00 
 5.0628692e-01  5.2527631e-02  0.0000000e+00 
 4.7024343e-01  5.4704731e-02  0.0000000e+00 
 4.7636512e-01  5.4352097e-02  0.0000000e+00 
 4.8212990e-01  5.4020023e-02  0.0000000e+00 
 4.4616988e-01  5.5987235e-02  0.0000000e+00 
 4.5227011e-01  5.5671937e-02  0.0000000e+00 
 4.5801469e-01  5.5375021e-02  0.0000000e+00 
 4.2222202e-01  5.7113312e-02  0.0000000e+00 
 4.2828656e-01  5.6838545e-02  0.0000000e+00 
 4.3399754e-01  5.6579798e-02  0.0000000e+00 
 3.9870309e-01  5.8061078e-02  0.0000000e+00 
 4.0467563e-01  5.7831582e-02  0.0000000e+00 
 4.1039194e-01  5.7611932e-02  0.0000000e+00 
 3.7517141e-01  5.8839597e-02  0.0000000e+00 
 3.8108048e-01  5.8656393e-02  0.0000000e+00 
 3.8673604e-01  5.8481048e-02  0.0000000e+00 
 3.5272737e-01  5.9408200e-02  0.0000000e+00 
 3.6068684e-01  5.9225050e-02  0.0000000e+00 
 3.3053300e-01  5.9790016e-02  0.0000000e+00 
 3.3801225e-01  5.9682358e-02  0.0000000e+00 
 3.0801079e-01  5.9977875e-02  0.0000000e+00 
 3.1535420e-01  5.9940338e-02  0.0000000e+00 
 2.8593697e-01  5.9946981e-02  0.0000000e+00 
 2.9312733e-01  5.9982091e-02  0.0000000e+00 
 2.6407556e-01  5.9686054e-02  0.0000000e+00 
 2.7109704e-01  5.9795893e-02  0.0000000e+00 
 2.4313433e-01  5.9197550e-02  0.0000000e+00 
 2.4994977e-01  5.9383214e-02  0.0000000e+00 
 2.2271632e-01  5.8473015e-02  0.0000000e+00 
 2.2933016e-01  5.8735870e-02  0.0000000e+00 
 2.0294592e-01  5.7511515e-02  0.0000000e+00 
 2.0934268e-01  5.7852084e-02  0.0000000e+00 
 1.8390486e-01  5.6314857e-02  0.0000000e+00 
 1.9008305e-01  5.6734086e-02  0.0000000e+00 
 1.6558132e-01  5.4881247e-02  0.0000000e+00 
 1.7155703e-01  5.5381491e-02  0.0000000e+00 
 1.4801839e-01  5.3212690e-02  0.0000000e+00 
 1.5373123e-01  5.3789670e-02  0.0000000e+00 
 1.3150121e-01  5.1341776e-02  0.0000000e+00 
 1.3714659e-01  5.2018909e-02  0.0000000e+00 
 1.1795370e-01  4.9554000e-02  0.0000000e+00 
 1.0282715e-01  4.7252800e-02  0.0000000e+00 
 8.8628200e-02  4.4743000e-02  0.0000000e+00 
 7.5390050e-02  4.2034050e-02  0.0000000e+00 
 6.3143600e-02  3.9136200e-02  0.0000000e+00 
 5.1917400e-02  3.6060300e-02  0.0000000e+00 
 4.1737750e-02  3.2817550e-02  0.0000000e+00 
 3.2628400e-02  2.9419300e-02  0.0000000e+00 
 2.4610600e-02  2.5876650e-02  0.0000000e+00 
 6.8700000e-01  7.3684289e-03  0.0000000e+00 
 6.8700000e-01  2.2456164e-02  0.0000000e+00 
 6.8700000e-01  3.0188188e-02  0.0000000e+00 
 6.8700000e-01  1.4736858e-02  0.0000000e+00 
 6.8700000e-01 -7.8332956e-03  0.0000000e+00 
 6.8700000e-01 -4.0919760e-04  0.0000000e+00 
 6.8700000e-01 -1.5345776e-02  0.0000000e+00 
 6.8700000e-01 -2.3093021e-02  0.0000000e+00 
 6.8700000e-01 -3.0488119e-02  0.0000000e+00 
 9.9941610e-01  1.3419000e-03  0.0000000e+00 
 9.9766580e-01  1.5870000e-03  0.0000000e+00 
 9.9475320e-01  1.9938000e-03  0.0000000e+00 
 9.9068500e-01  2.5595000e-03  0.0000000e+00 
 9.8547090e-01  3.2804000e-03  0.0000000e+00 
 9.7912290e-01  4.1519000e-03  0.0000000e+00 
 9.7165590e-01  5.1685000e-03  0.0000000e+00 
 9.6308730e-01  6.3238000e-03  0.0000000e+00 
 9.5343720e-01  7.6108000e-03  0.0000000e+00 
 9.4272800e-01  9.0217000e-03  0.0000000e+00 
 9.3098490e-01  1.0548500e-02  0.0000000e+00 
 9.1823510e-01  1.2182300e-02  0.0000000e+00 
 9.0450850e-01  1.3914300e-02  0.0000000e+00 
 8.8983720e-01  1.5735100e-02  0.0000000e+00 
 8.7425540e-01  1.7635300e-02  0.0000000e+00 
 8.5779950e-01  1.9605100e-02  0.0000000e+00 
 8.4050790e-01  2.1634700e-02  0.0000000e+00 
 8.2242110e-01  2.3714200e-02  0.0000000e+00 
 8.0358130e-01  2.5833700e-02  0.0000000e+00 
 7.8403240e-01  2.7982800e-02  0.0000000e+00 
 7.6382020e-01  3.0151500e-02  0.0000000e+00 
 7.6382020e-01 -3.0151500e-02  0.0000000e+00 
 7.8403240e-01 -2.7982800e-02  0.0000000e+00 
 8.0358130e-01 -2.5833700e-02  0.0000000e+00 
 8.2242110e-01 -2.3714200e-02  0.0000000e+00 
 8.4050790e-01 -2.1634700e-02  0.0000000e+00 
 8.5779950e-01 -1.9605100e-02  0.0000000e+00 
 8.7425540e-01 -1.7635300e-02  0.0000000e+00 
 8.8983720e-01 -1.5735100e-02  0.0000000e+00 
 9.0450850e-01 -1.3914300e-02  0.0000000e+00 
 9.1823510e-01 -1.2182300e-02  0.0000000e+00 
 9.3098490e-01 -1.0548500e-02  0.0000000e+00 
 9.4272800e-01 -9.0217000e-03  0.0000000e+00 
 9.5343720e-01 -7.6108000e-03  0.0000000e+00 
 9.6308730e-01 -6.3238000e-03  0.0000000e+00 
 9.7165590e-01 -5.1685000e-03  0.0000000e+00 
 9.7912290e-01 -4.1519000e-03  0.0000000e+00 
 9.8547090e-01 -3.2804000e-03  0.0000000e+00 
 9.9068500e-01 -2.5595000e-03  0.0000000e+00 
 9.9475320e-01 -1.9938000e-03  0.0000000e+00 
 9.9766580e-01 -1.5870000e-03  0.0000000e+00 
 9.9941610e-01 -1.3419000e-03  0.0000000e+00 
 7.5000020e-01 -3.1596567e-02  0.0000000e+00 
 7.5000020e-01  3.1596567e-02  0.0000000e+00 
 8.0000000e-01  2.6227409e-02  0.0000000e+00 
 1.0000000e+00  1.2600000e-03  0.0000000e+00 
 1.0000000e+00 -1.2600000e-03  0.0000000e+00 
 7.5691020e-01 -3.0874034e-02  0.0000000e+00 
 7.7728371e-01 -2.8706911e-02  0.0000000e+00 
 7.7066990e-01 -2.9416550e-02  0.0000000e+00 
 7.9705408e-01 -2.6551267e-02  0.0000000e+00 
 7.9065732e-01 -2.7254493e-02  0.0000000e+00 
 8.1609514e-01 -2.4425879e-02  0.0000000e+00 
 8.0991695e-01 -2.5120931e-02  0.0000000e+00 
 8.3441868e-01 -2.2334798e-02  0.0000000e+00 
 8.2844297e-01 -2.3021845e-02  0.0000000e+00 
 8.5198161e-01 -2.0287975e-02  0.0000000e+00 
 8.4626877e-01 -2.0958519e-02  0.0000000e+00 
 8.6849879e-01 -1.8324376e-02  0.0000000e+00 
 8.6285341e-01 -1.9000138e-02  0.0000000e+00 
 8.8204630e-01 -1.6685200e-02  0.0000000e+00 
 8.9717285e-01 -1.4824700e-02  0.0000000e+00 
 9.1137180e-01 -1.3048300e-02  0.0000000e+00 
 9.2461000e-01 -1.1365400e-02  0.0000000e+00 
 9.3685645e-01 -9.7851000e-03  0.0000000e+00 
 9.4808260e-01 -8.3162500e-03  0.0000000e+00 
 9.5826225e-01 -6.9673000e-03  0.0000000e+00 
 9.6737160e-01 -5.7461500e-03  0.0000000e+00 
 9.9271910e-01 -2.2766500e-03  0.0000000e+00 
 9.9626775e-01 -1.7822640e-03  0.0000000e+00 
 7.5000020e-01  9.5951892e-18  0.0000000e+00 
 7.5000020e-01 -1.5798284e-02  0.0000000e+00 
 7.5000020e-01 -2.3697425e-02  0.0000000e+00 
 7.5000020e-01 -7.8991418e-03  0.0000000e+00 
 7.5000020e-01  1.5798284e-02  0.0000000e+00 
 7.5000020e-01  7.8991418e-03  0.0000000e+00 
 7.5000020e-01  2.3697425e-02  0.0000000e+00 
 7.8983040e-01  2.7345400e-02  0.0000000e+00 
 7.9555244e-01  2.6716350e-02  0.0000000e+00 
 7.7056889e-01  2.9427389e-02  0.0000000e+00 
 7.7718270e-01  2.8717750e-02  0.0000000e+00 
 7.5691020e-01  3.0874034e-02  0.0000000e+00 
 9.9626775e-01  1.7822640e-03  0.0000000e+00 
 9.9271910e-01  2.2766500e-03  0.0000000e+00 
 9.6737160e-01  5.7461500e-03  0.0000000e+00 
 9.5826225e-01  6.9673000e-03  0.0000000e+00 
 9.4808260e-01  8.3162500e-03  0.0000000e+00 
 9.3685645e-01  9.7851000e-03  0.0000000e+00 
 9.2461000e-01  1.1365400e-02  0.0000000e+00 
 9.1137180e-01  1.3048300e-02  0.0000000e+00 
 8.9717285e-01  1.4824700e-02  0.0000000e+00 
 8.8204630e-01  1.6685200e-02  0.0000000e+00 
 8.6355611e-01  1.8916024e-02  0.0000000e+00 
 8.6920149e-01  1.8240262e-02  0.0000000e+00 
 8.4632579e-01  2.0951825e-02  0.0000000e+00 
 8.5203863e-01  2.0281281e-02  0.0000000e+00 
 8.2851032e-01  2.3014102e-02  0.0000000e+00 
 8.3448603e-01  2.2327055e-02  0.0000000e+00 
 8.0990726e-01  2.5122021e-02  0.0000000e+00 
 8.1608545e-01  2.4426969e-02  0.0000000e+00 
 1.0000000e+00  5.8493896e-04  0.0000000e+00 
 1.0000000e+00 -5.5004012e-05  0.0000000e+00 
 1.0000000e+00 -6.5682910e-04  0.0000000e+00 
0.000000e+00 
0.0 0.0 0.0 0.0 0.0 0.0 
0.0 0.0 0.0 0.0 0.0 0.0 
0.0 0.0 0.0 0.0 0.0 0.0 
0.0 0.0 0.0 0.0 0.0 0.0 
0.0 0.0 0.0 0.0 0.0 0.0 
0.0 0.0 0.0 0.0 0.0 0.0 
0.0 0.0 0.0 0.0 0.0 0.0 
0.0 0.0 0.0 0.0 0.0 0.0 
0.0 0.0 0.0 0.0 0.0 0.0 
0.0 0.0 0.0 0.0 0.0 0.0 
0.0 0.0 0.0 0.0 0.0 0.0 
0.0 0.0 0.0 0.0 0.0 0.0 
0.0 0.0 0.0 0.0 0.0 0.0 
0.0 0.0 0.0 0.0 0.0 0.0 
0.0 0.0 0.0 0.0 0.0 0.0 
0.0 0.0 0.0 0.0 0.0 0.0 
0.0 0.0 0.0 0.0 0.0 0.0 
0.0 0.0 0.0 0.0 0.0 0.0 
0.0 0.0 0.0 0.0 0.0 0.0 
0.0 0.0 0.0 0.0 0.0 0.0 
0.0 0.0 0.0 0.0 0.0 0.0 
0.0 0.0 0.0 0.0 0.0 0.0 
0.0 0.0 0.0 0.0 0.0 0.0 
0.0 0.0 0.0 0.0 0.0 0.0 
0.0 0.0 0.0 0.0 0.0 0.0 
0.0 0.0 0.0 0.0 0.0 0.0 
0.0 0.0 0.0 0.0 0.0 0.0 
0.0 0.0 0.0 0.0 0.0 0.0 
0.0 0.0 0.0 0.0 0.0 0.0 
0.0 0.0 0.0 0.0 0.0 0.0 
0.0 0.0 0.0 0.0 0.0 0.0 
0.0 0.0 0.0 0.0 0.0 0.0 
0.0 0.0 0.0 0.0 0.0 0.0 
0.0 0.0 0.0 0.0 0.0 0.0 
0.0 0.0 0.0 0.0 0.0 0.0 
0.0 0.0 0.0 0.0 0.0 0.0 
0.0 0.0 0.0 0.0 0.0 0.0 
0.0 0.0 0.0 0.0 0.0 0.0 
0.0 0.0 0.0 0.0 0.0 0.0 
0.0 0.0 0.0 0.0 0.0 0.0 
0.0 0.0 0.0 0.0 0.0 0.0 
0.0 0.0 0.0 0.0 0.0 0.0 
0.0 0.0 0.0 0.0 0.0 0.0 
0.0 0.0 0.0 0.0 0.0 0.0 
0.0 0.0 0.0 0.0 0.0 0.0 
0.0 0.0 0.0 0.0 0.0 0.0 
0.0 0.0 0.0 0.0 0.0 0.0 
0.0 0.0 0.0 0.0 0.0 0.0 
0.0 0.0 0.0 0.0 0.0 0.0 
0.0 0.0 0.0 0.0 0.0 0.0 
0.0 0.0 0.0 0.0 0.0 0.0 
0.0 0.0 0.0 0.0 0.0 0.0 
0.0 0.0 0.0 0.0 0.0 0.0 
0.0 0.0 0.0 0.0 0.0 0.0 
0.0 0.0 0.0 0.0 0.0 0.0 
0.0 0.0 0.0 0.0 0.0 0.0 
0.0 0.0 0.0 0.0 0.0 0.0 
0.0 0.0 0.0 0.0 0.0 0.0 
0.0 0.0 0.0 0.0 0.0 0.0 
0.0 0.0 0.0 0.0 0.0 0.0 
0.0 0.0 0.0 0.0 0.0 0.0 
0.0 0.0 0.0 0.0 0.0 0.0 
0.0 0.0 0.0 0.0 0.0 0.0 
0.0 0.0 0.0 0.0 0.0 0.0 
0.0 0.0 0.0 0.0 0.0 0.0 
0.0 0.0 0.0 0.0 0.0 0.0 
0.0 0.0 0.0 0.0 0.0 0.0 
0.0 0.0 0.0 0.0 0.0 0.0 
0.0 0.0 0.0 0.0 0.0 0.0 
0.0 0.0 0.0 0.0 0.0 0.0 
0.0 0.0 0.0 0.0 0.0 0.0 
0.0 0.0 0.0 0.0 0.0 0.0 
0.0 0.0 0.0 0.0 0.0 0.0 
0.0 0.0 0.0 0.0 0.0 0.0 
0.0 0.0 0.0 0.0 0.0 0.0 
0.0 0.0 0.0 0.0 0.0 0.0 
0.0 0.0 0.0 0.0 0.0 0.0 
0.0 0.0 0.0 0.0 0.0 0.0 
0.0 0.0 0.0 0.0 0.0 0.0 
0.0 0.0 0.0 0.0 0.0 0.0 
0.0 0.0 0.0 0.0 0.0 0.0 
0.0 0.0 0.0 0.0 0.0 0.0 
0.0 0.0 0.0 0.0 0.0 0.0 
0.0 0.0 0.0 0.0 0.0 0.0 
0.0 0.0 0.0 0.0 0.0 0.0 
0.0 0.0 0.0 0.0 0.0 0.0 
0.0 0.0 0.0 0.0 0.0 0.0 
0.0 0.0 0.0 0.0 0.0 0.0 
0.0 0.0 0.0 0.0 0.0 0.0 
0.0 0.0 0.0 0.0 0.0 0.0 
0.0 0.0 0.0 0.0 0.0 0.0 
0.0 0.0 0.0 0.0 0.0 0.0 
0.0 0.0 0.0 0.0 0.0 0.0 
0.0 0.0 0.0 0.0 0.0 0.0 
0.0 0.0 0.0 0.0 0.0 0.0 
0.0 0.0 0.0 0.0 0.0 0.0 
0.0 0.0 0.0 0.0 0.0 0.0 
0.0 0.0 0.0 0.0 0.0 0.0 
0.0 0.0 0.0 0.0 0.0 0.0 
0.0 0.0 0.0 0.0 0.0 0.0 
0.0 0.0 0.0 0.0 0.0 0.0 
0.0 0.0 0.0 0.0 0.0 0.0 
0.0 0.0 0.0 0.0 0.0 0.0 
0.0 0.0 0.0 0.0 0.0 0.0 
0.0 0.0 0.0 0.0 0.0 0.0 
0.0 0.0 0.0 0.0 0.0 0.0 
0.0 0.0 0.0 0.0 0.0 0.0 
0.0 0.0 0.0 0.0 0.0 0.0 
0.0 0.0 0.0 0.0 0.0 0.0 
0.0 0.0 0.0 0.0 0.0 0.0 
0.0 0.0 0.0 0.0 0.0 0.0 
0.0 0.0 0.0 0.0 0.0 0.0 
0.0 0.0 0.0 0.0 0.0 0.0 
0.0 0.0 0.0 0.0 0.0 0.0 
0.0 0.0 0.0 0.0 0.0 0.0 
0.0 0.0 0.0 0.0 0.0 0.0 
0.0 0.0 0.0 0.0 0.0 0.0 
0.0 0.0 0.0 0.0 0.0 0.0 
0.0 0.0 0.0 0.0 0.0 0.0 
0.0 0.0 0.0 0.0 0.0 0.0 
0.0 0.0 0.0 0.0 0.0 0.0 
0.0 0.0 0.0 0.0 0.0 0.0 
0.0 0.0 0.0 0.0 0.0 0.0 
0.0 0.0 0.0 0.0 0.0 0.0 
0.0 0.0 0.0 0.0 0.0 0.0 
0.0 0.0 0.0 0.0 0.0 0.0 
0.0 0.0 0.0 0.0 0.0 0.0 
0.0 0.0 0.0 0.0 0.0 0.0 
0.0 0.0 0.0 0.0 0.0 0.0 
0.0 0.0 0.0 0.0 0.0 0.0 
0.0 0.0 0.0 0.0 0.0 0.0 
0.0 0.0 0.0 0.0 0.0 0.0 
0.0 0.0 0.0 0.0 0.0 0.0 
0.0 0.0 0.0 0.0 0.0 0.0 
0.0 0.0 0.0 0.0 0.0 0.0 
0.0 0.0 0.0 0.0 0.0 0.0 
0.0 0.0 0.0 0.0 0.0 0.0 
0.0 0.0 0.0 0.0 0.0 0.0 
0.0 0.0 0.0 0.0 0.0 0.0 
0.0 0.0 0.0 0.0 0.0 0.0 
0.0 0.0 0.0 0.0 0.0 0.0 
0.0 0.0 0.0 0.0 0.0 0.0 
0.0 0.0 0.0 0.0 0.0 0.0 
0.0 0.0 0.0 0.0 0.0 0.0 
0.0 0.0 0.0 0.0 0.0 0.0 
0.0 0.0 0.0 0.0 0.0 0.0 
0.0 0.0 0.0 0.0 0.0 0.0 
0.0 0.0 0.0 0.0 0.0 0.0 
0.0 0.0 0.0 0.0 0.0 0.0 
0.0 0.0 0.0 0.0 0.0 0.0 
0.0 0.0 0.0 0.0 0.0 0.0 
0.0 0.0 0.0 0.0 0.0 0.0 
0.0 0.0 0.0 0.0 0.0 0.0 
0.0 0.0 0.0 0.0 0.0 0.0 
0.0 0.0 0.0 0.0 0.0 0.0 
0.0 0.0 0.0 0.0 0.0 0.0 
0.0 0.0 0.0 0.0 0.0 0.0 
0.0 0.0 0.0 0.0 0.0 0.0 
0.0 0.0 0.0 0.0 0.0 0.0 
0.0 0.0 0.0 0.0 0.0 0.0 
0.0 0.0 0.0 0.0 0.0 0.0 
0.0 0.0 0.0 0.0 0.0 0.0 
0.0 0.0 0.0 0.0 0.0 0.0 
0.0 0.0 0.0 0.0 0.0 0.0 
0.0 0.0 0.0 0.0 0.0 0.0 
0.0 0.0 0.0 0.0 0.0 0.0 
0.0 0.0 0.0 0.0 0.0 0.0 
0.0 0.0 0.0 0.0 0.0 0.0 
0.0 0.0 0.0 0.0 0.0 0.0 
0.0 0.0 0.0 0.0 0.0 0.0 
0.0 0.0 0.0 0.0 0.0 0.0 
0.0 0.0 0.0 0.0 0.0 0.0 
0.0 0.0 0.0 0.0 0.0 0.0 
0.0 0.0 0.0 0.0 0.0 0.0 
0.0 0.0 0.0 0.0 0.0 0.0 
0.0 0.0 0.0 0.0 0.0 0.0 
0.0 0.0 0.0 0.0 0.0 0.0 
0.0 0.0 0.0 0.0 0.0 0.0 
0.0 0.0 0.0 0.0 0.0 0.0 
0.0 0.0 0.0 0.0 0.0 0.0 
0.0 0.0 0.0 0.0 0.0 0.0 
0.0 0.0 0.0 0.0 0.0 0.0 
0.0 0.0 0.0 0.0 0.0 0.0 
0.0 0.0 0.0 0.0 0.0 0.0 
0.0 0.0 0.0 0.0 0.0 0.0 
0.0 0.0 0.0 0.0 0.0 0.0 
0.0 0.0 0.0 0.0 0.0 0.0 
0.0 0.0 0.0 0.0 0.0 0.0 
0.0 0.0 0.0 0.0 0.0 0.0 
0.0 0.0 0.0 0.0 0.0 0.0 
0.0 0.0 0.0 0.0 0.0 0.0 
0.0 0.0 0.0 0.0 0.0 0.0 
0.0 0.0 0.0 0.0 0.0 0.0 
0.0 0.0 0.0 0.0 0.0 0.0 
0.0 0.0 0.0 0.0 0.0 0.0 
0.0 0.0 0.0 0.0 0.0 0.0 
0.0 0.0 0.0 0.0 0.0 0.0 
0.0 0.0 0.0 0.0 0.0 0.0 
0.0 0.0 0.0 0.0 0.0 0.0 
0.0 0.0 0.0 0.0 0.0 0.0 
0.0 0.0 0.0 0.0 0.0 0.0 
0.0 0.0 0.0 0.0 0.0 0.0 
0.0 0.0 0.0 0.0 0.0 0.0 
0.0 0.0 0.0 0.0 0.0 0.0 
0.0 0.0 0.0 0.0 0.0 0.0 
0.0 0.0 0.0 0.0 0.0 0.0 
0.0 0.0 0.0 0.0 0.0 0.0 
0.0 0.0 0.0 0.0 0.0 0.0 
0.0 0.0 0.0 0.0 0.0 0.0 
0.0 0.0 0.0 0.0 0.0 0.0 
0.0 0.0 0.0 0.0 0.0 0.0 
0.0 0.0 0.0 0.0 0.0 0.0 
0.0 0.0 0.0 0.0 0.0 0.0 
0.0 0.0 0.0 0.0 0.0 0.0 
0.0 0.0 0.0 0.0 0.0 0.0 
0.0 0.0 0.0 0.0 0.0 0.0 
0.0 0.0 0.0 0.0 0.0 0.0 
0.0 0.0 0.0 0.0 0.0 0.0 
0.0 0.0 0.0 0.0 0.0 0.0 
0.0 0.0 0.0 0.0 0.0 0.0 
0.0 0.0 0.0 0.0 0.0 0.0 
0.0 0.0 0.0 0.0 0.0 0.0 
0.0 0.0 0.0 0.0 0.0 0.0 
0.0 0.0 0.0 0.0 0.0 0.0 
0.0 0.0 0.0 0.0 0.0 0.0 
0.0 0.0 0.0 0.0 0.0 0.0 
0.0 0.0 0.0 0.0 0.0 0.0 
0.0 0.0 0.0 0.0 0.0 0.0 
0.0 0.0 0.0 0.0 0.0 0.0 
0.0 0.0 0.0 0.0 0.0 0.0 
0.0 0.0 0.0 0.0 0.0 0.0 
0.0 0.0 0.0 0.0 0.0 0.0 
0.0 0.0 0.0 0.0 0.0 0.0 
0.0 0.0 0.0 0.0 0.0 0.0 
0.0 0.0 0.0 0.0 0.0 0.0 
0.0 0.0 0.0 0.0 0.0 0.0 
0.0 0.0 0.0 0.0 0.0 0.0 
0.0 0.0 0.0 0.0 0.0 0.0 
0.0 0.0 0.0 0.0 0.0 0.0 
0.0 0.0 0.0 0.0 0.0 0.0 
0.0 0.0 0.0 0.0 0.0 0.0 
0.0 0.0 0.0 0.0 0.0 0.0 
0.0 0.0 0.0 0.0 0.0 0.0 
0.0 0.0 0.0 0.0 0.0 0.0 
0.0 0.0 0.0 0.0 0.0 0.0 
0.0 0.0 0.0 0.0 0.0 0.0 
0.0 0.0 0.0 0.0 0.0 0.0 
0.0 0.0 0.0 0.0 0.0 0.0 
0.0 0.0 0.0 0.0 0.0 0.0 
0.0 0.0 0.0 0.0 0.0 0.0 
0.0 0.0 0.0 0.0 0.0 0.0 
0.0 0.0 0.0 0.0 0.0 0.0 
0.0 0.0 0.0 0.0 0.0 0.0 
0.0 0.0 0.0 0.0 0.0 0.0 
0.0 0.0 0.0 0.0 0.0 0.0 
0.0 0.0 0.0 0.0 0.0 0.0 
0.0 0.0 0.0 0.0 0.0 0.0 
0.0 0.0 0.0 0.0 0.0 0.0 
0.0 0.0 0.0 0.0 0.0 0.0 
0.0 0.0 0.0 0.0 0.0 0.0 
0.0 0.0 0.0 0.0 0.0 0.0 
0.0 0.0 0.0 0.0 0.0 0.0 
0.0 0.0 0.0 0.0 0.0 0.0 
0.0 0.0 0.0 0.0 0.0 0.0 
0.0 0.0 0.0 0.0 0.0 0.0 
0.0 0.0 0.0 0.0 0.0 0.0 
0.0 0.0 0.0 0.0 0.0 0.0 
0.0 0.0 0.0 0.0 0.0 0.0 
0.0 0.0 0.0 0.0 0.0 0.0 
0.0 0.0 0.0 0.0 0.0 0.0 
0.0 0.0 0.0 0.0 0.0 0.0 
0.0 0.0 0.0 0.0 0.0 0.0 
0.0 0.0 0.0 0.0 0.0 0.0 
0.0 0.0 0.0 0.0 0.0 0.0 
0.0 0.0 0.0 0.0 0.0 0.0 
0.0 0.0 0.0 0.0 0.0 0.0 
0.0 0.0 0.0 0.0 0.0 0.0 
0.0 0.0 0.0 0.0 0.0 0.0 
0.0 0.0 0.0 0.0 0.0 0.0 
0.0 0.0 0.0 0.0 0.0 0.0 
0.0 0.0 0.0 0.0 0.0 0.0 
0.0 0.0 0.0 0.0 0.0 0.0 
0.0 0.0 0.0 0.0 0.0 0.0 
0.0 0.0 0.0 0.0 0.0 0.0 
0.0 0.0 0.0 0.0 0.0 0.0 
0.0 0.0 0.0 0.0 0.0 0.0 
0.0 0.0 0.0 0.0 0.0 0.0 
0.0 0.0 0.0 0.0 0.0 0.0 
0.0 0.0 0.0 0.0 0.0 0.0 
0.0 0.0 0.0 0.0 0.0 0.0 
0.0 0.0 0.0 0.0 0.0 0.0 
0.0 0.0 0.0 0.0 0.0 0.0 
0.0 0.0 0.0 0.0 0.0 0.0 
0.0 0.0 0.0 0.0 0.0 0.0 
0.0 0.0 0.0 0.0 0.0 0.0 
0.0 0.0 0.0 0.0 0.0 0.0 
0.0 0.0 0.0 0.0 0.0 0.0 
0.0 0.0 0.0 0.0 0.0 0.0 
0.0 0.0 0.0 0.0 0.0 0.0 
0.0 0.0 0.0 0.0 0.0 0.0 
0.0 0.0 0.0 0.0 0.0 0.0 
0.0 0.0 0.0 0.0 0.0 0.0 
0.0 0.0 0.0 0.0 0.0 0.0 
0.0 0.0 0.0 0.0 0.0 0.0 
0.0 0.0 0.0 0.0 0.0 0.0 
0.0 0.0 0.0 0.0 0.0 0.0 
0.0 0.0 0.0 0.0 0.0 0.0 
0.0 0.0 0.0 0.0 0.0 0.0 
0.0 0.0 0.0 0.0 0.0 0.0 
0.0 0.0 0.0 0.0 0.0 0.0 
0.0 0.0 0.0 0.0 0.0 0.0 
0.0 0.0 0.0 0.0 0.0 0.0 
0.0 0.0 0.0 0.0 0.0 0.0 
0.0 0.0 0.0 0.0 0.0 0.0 
0.0 0.0 0.0 0.0 0.0 0.0 
0.0 0.0 0.0 0.0 0.0 0.0 
0.0 0.0 0.0 0.0 0.0 0.0 
0.0 0.0 0.0 0.0 0.0 0.0 
0.0 0.0 0.0 0.0 0.0 0.0 
0.0 0.0 0.0 0.0 0.0 0.0 
0.0 0.0 0.0 0.0 0.0 0.0 
0.0 0.0 0.0 0.0 0.0 0.0 
0.0 0.0 0.0 0.0 0.0 0.0 
0.0 0.0 0.0 0.0 0.0 0.0 
0.0 0.0 0.0 0.0 0.0 0.0 
0.0 0.0 0.0 0.0 0.0 0.0 
0.0 0.0 0.0 0.0 0.0 0.0 
0.0 0.0 0.0 0.0 0.0 0.0 
0.0 0.0 0.0 0.0 0.0 0.0 
0.0 0.0 0.0 0.0 0.0 0.0 
0.0 0.0 0.0 0.0 0.0 0.0 
0.0 0.0 0.0 0.0 0.0 0.0 
0.0 0.0 0.0 0.0 0.0 0.0 
0.0 0.0 0.0 0.0 0.0 0.0 
0.0 0.0 0.0 0.0 0.0 0.0 
0.0 0.0 0.0 0.0 0.0 0.0 
0.0 0.0 0.0 0.0 0.0 0.0 
0.0 0.0 0.0 0.0 0.0 0.0 
0.0 0.0 0.0 0.0 0.0 0.0 
0.0 0.0 0.0 0.0 0.0 0.0 
0.0 0.0 0.0 0.0 0.0 0.0 
0.0 0.0 0.0 0.0 0.0 0.0 
0.0 0.0 0.0 0.0 0.0 0.0 
0.0 0.0 0.0 0.0 0.0 0.0 
0.0 0.0 0.0 0.0 0.0 0.0 
0.0 0.0 0.0 0.0 0.0 0.0 
0.0 0.0 0.0 0.0 0.0 0.0 
0.0 0.0 0.0 0.0 0.0 0.0 
0.0 0.0 0.0 0.0 0.0 0.0 
0.0 0.0 0.0 0.0 0.0 0.0 
0.0 0.0 0.0 0.0 0.0 0.0 
0.0 0.0 0.0 0.0 0.0 0.0 
0.0 0.0 0.0 0.0 0.0 0.0 
0.0 0.0 0.0 0.0 0.0 0.0 
0.0 0.0 0.0 0.0 0.0 0.0 
0.0 0.0 0.0 0.0 0.0 0.0 
0.0 0.0 0.0 0.0 0.0 0.0 
0.0 0.0 0.0 0.0 0.0 0.0 
0.0 0.0 0.0 0.0 0.0 0.0 
0.0 0.0 0.0 0.0 0.0 0.0 
0.0 0.0 0.0 0.0 0.0 0.0 
0.0 0.0 0.0 0.0 0.0 0.0 
0.0 0.0 0.0 0.0 0.0 0.0 
0.0 0.0 0.0 0.0 0.0 0.0 
0.0 0.0 0.0 0.0 0.0 0.0 
0.0 0.0 0.0 0.0 0.0 0.0 
0.0 0.0 0.0 0.0 0.0 0.0 
0.0 0.0 0.0 0.0 0.0 0.0 
0.0 0.0 0.0 0.0 0.0 0.0 
0.0 0.0 0.0 0.0 0.0 0.0 
0.0 0.0 0.0 0.0 0.0 0.0 
0.0 0.0 0.0 0.0 0.0 0.0 
0.0 0.0 0.0 0.0 0.0 0.0 
0.0 0.0 0.0 0.0 0.0 0.0 
0.0 0.0 0.0 0.0 0.0 0.0 
0.0 0.0 0.0 0.0 0.0 0.0 
0.0 0.0 0.0 0.0 0.0 0.0 
0.0 0.0 0.0 0.0 0.0 0.0 
0.0 0.0 0.0 0.0 0.0 0.0 
0.0 0.0 0.0 0.0 0.0 0.0 
0.0 0.0 0.0 0.0 0.0 0.0 
0.0 0.0 0.0 0.0 0.0 0.0 
0.0 0.0 0.0 0.0 0.0 0.0 
0.0 0.0 0.0 0.0 0.0 0.0 
0.0 0.0 0.0 0.0 0.0 0.0 
0.0 0.0 0.0 0.0 0.0 0.0 
0.0 0.0 0.0 0.0 0.0 0.0 
0.0 0.0 0.0 0.0 0.0 0.0 
0.0 0.0 0.0 0.0 0.0 0.0 
0.0 0.0 0.0 0.0 0.0 0.0 
0.0 0.0 0.0 0.0 0.0 0.0 
0.0 0.0 0.0 0.0 0.0 0.0 
0.0 0.0 0.0 0.0 0.0 0.0 
0.0 0.0 0.0 0.0 0.0 0.0 
0.0 0.0 0.0 0.0 0.0 0.0 
0.0 0.0 0.0 0.0 0.0 0.0 
0.0 0.0 0.0 0.0 0.0 0.0 
0.0 0.0 0.0 0.0 0.0 0.0 
0.0 0.0 0.0 0.0 0.0 0.0 
0.0 0.0 0.0 0.0 0.0 0.0 
0.0 0.0 0.0 0.0 0.0 0.0 
0.0 0.0 0.0 0.0 0.0 0.0 
0.0 0.0 0.0 0.0 0.0 0.0 
0.0 0.0 0.0 0.0 0.0 0.0 
0.0 0.0 0.0 0.0 0.0 0.0 
0.0 0.0 0.0 0.0 0.0 0.0 
0.0 0.0 0.0 0.0 0.0 0.0 
0.0 0.0 0.0 0.0 0.0 0.0 
0.0 0.0 0.0 0.0 0.0 0.0 
0.0 0.0 0.0 0.0 0.0 0.0 
0.0 0.0 0.0 0.0 0.0 0.0 
0.0 0.0 0.0 0.0 0.0 0.0 
0.0 0.0 0.0 0.0 0.0 0.0 
0.0 0.0 0.0 0.0 0.0 0.0 
0.0 0.0 0.0 0.0 0.0 0.0 
0.0 0.0 0.0 0.0 0.0 0.0 
0.0 0.0 0.0 0.0 0.0 0.0 
0.0 0.0 0.0 0.0 0.0 0.0 
0.0 0.0 0.0 0.0 0.0 0.0 
0.0 0.0 0.0 0.0 0.0 0.0 
0.0 0.0 0.0 0.0 0.0 0.0 
0.0 0.0 0.0 0.0 0.0 0.0 
0.0 0.0 0.0 0.0 0.0 0.0 
0.0 0.0 0.0 0.0 0.0 0.0 
0.0 0.0 0.0 0.0 0.0 0.0 
0.0 0.0 0.0 0.0 0.0 0.0 
0.0 0.0 0.0 0.0 0.0 0.0 
0.0 0.0 0.0 0.0 0.0 0.0 
0.0 0.0 0.0 0.0 0.0 0.0 
0.0 0.0 0.0 0.0 0.0 0.0 
0.0 0.0 0.0 0.0 0.0 0.0 
0.0 0.0 0.0 0.0 0.0 0.0 
0.0 0.0 0.0 0.0 0.0 0.0 
0.0 0.0 0.0 0.0 0.0 0.0 
0.0 0.0 0.0 0.0 0.0 0.0 
0.0 0.0 0.0 0.0 0.0 0.0 
0.0 0.0 0.0 0.0 0.0 0.0 
0.0 0.0 0.0 0.0 0.0 0.0 
0.0 0.0 0.0 0.0 0.0 0.0 
0.0 0.0 0.0 0.0 0.0 0.0 
0.0 0.0 0.0 0.0 0.0 0.0 
0.0 0.0 0.0 0.0 0.0 0.0 
0.0 0.0 0.0 0.0 0.0 0.0 
0.0 0.0 0.0 0.0 0.0 0.0 
0.0 0.0 0.0 0.0 0.0 0.0 
0.0 0.0 0.0 0.0 0.0 0.0 
0.0 0.0 0.0 0.0 0.0 0.0 
0.0 0.0 0.0 0.0 0.0 0.0 
0.0 0.0 0.0 0.0 0.0 0.0 
0.0 0.0 0.0 0.0 0.0 0.0 
0.0 0.0 0.0 0.0 0.0 0.0 
0.0 0.0 0.0 0.0 0.0 0.0 
0.0 0.0 0.0 0.0 0.0 0.0 
0.0 0.0 0.0 0.0 0.0 0.0 
0.0 0.0 0.0 0.0 0.0 0.0 
0.0 0.0 0.0 0.0 0.0 0.0 
0.0 0.0 0.0 0.0 0.0 0.0 
0.0 0.0 0.0 0.0 0.0 0.0 
0.0 0.0 0.0 0.0 0.0 0.0 
0.0 0.0 0.0 0.0 0.0 0.0 
0.0 0.0 0.0 0.0 0.0 0.0 
0.0 0.0 0.0 0.0 0.0 0.0 
0.0 0.0 0.0 0.0 0.0 0.0 
0.0 0.0 0.0 0.0 0.0 0.0 
0.0 0.0 0.0 0.0 0.0 0.0 
0.0 0.0 0.0 0.0 0.0 0.0 
0.0 0.0 0.0 0.0 0.0 0.0 
0.0 0.0 0.0 0.0 0.0 0.0 
0.0 0.0 0.0 0.0 0.0 0.0 
0.0 0.0 0.0 0.0 0.0 0.0 
0.0 0.0 0.0 0.0 0.0 0.0 
0.0 0.0 0.0 0.0 0.0 0.0 
0.0 0.0 0.0 0.0 0.0 0.0 
0.0 0.0 0.0 0.0 0.0 0.0 
0.0 0.0 0.0 0.0 0.0 0.0 
0.0 0.0 0.0 0.0 0.0 0.0 
0.0 0.0 0.0 0.0 0.0 0.0 
0.0 0.0 0.0 0.0 0.0 0.0 
0.0 0.0 0.0 0.0 0.0 0.0 
0.0 0.0 0.0 0.0 0.0 0.0 
0.0 0.0 0.0 0.0 0.0 0.0 
0.0 0.0 0.0 0.0 0.0 0.0 
0.0 0.0 0.0 0.0 0.0 0.0 
0.0 0.0 0.0 0.0 0.0 0.0 
0.0 0.0 0.0 0.0 0.0 0.0 
0.0 0.0 0.0 0.0 0.0 0.0 
0.0 0.0 0.0 0.0 0.0 0.0 
0.0 0.0 0.0 0.0 0.0 0.0 
0.0 0.0 0.0 0.0 0.0 0.0 
0.0 0.0 0.0 0.0 0.0 0.0 
0.0 0.0 0.0 0.0 0.0 0.0 
0.0 0.0 0.0 0.0 0.0 0.0 
0.0 0.0 0.0 0.0 0.0 0.0 
0.0 0.0 0.0 0.0 0.0 0.0 
0.0 0.0 0.0 0.0 0.0 0.0 
0.0 0.0 0.0 0.0 0.0 0.0 
0.0 0.0 0.0 0.0 0.0 0.0 
0.0 0.0 0.0 0.0 0.0 0.0 
0.0 0.0 0.0 0.0 0.0 0.0 
0.0 0.0 0.0 0.0 0.0 0.0 
0.0 0.0 0.0 0.0 0.0 0.0 
0.0 0.0 0.0 0.0 0.0 0.0 
0.0 0.0 0.0 0.0 0.0 0.0 
0.0 0.0 0.0 0.0 0.0 0.0 
0.0 0.0 0.0 0.0 0.0 0.0 
0.0 0.0 0.0 0.0 0.0 0.0 
0.0 0.0 0.0 0.0 0.0 0.0 
0.0 0.0 0.0 0.0 0.0 0.0 
0.0 0.0 0.0 0.0 0.0 0.0 
0.0 0.0 0.0 0.0 0.0 0.0 
0.0 0.0 0.0 0.0 0.0 0.0 
0.0 0.0 0.0 0.0 0.0 0.0 
0.0 0.0 0.0 0.0 0.0 0.0 
0.0 0.0 0.0 0.0 0.0 0.0 
0.0 0.0 0.0 0.0 0.0 0.0 
0.0 0.0 0.0 0.0 0.0 0.0 
0.0 0.0 0.0 0.0 0.0 0.0 
0.0 0.0 0.0 0.0 0.0 0.0 
0.0 0.0 0.0 0.0 0.0 0.0 
0.0 0.0 0.0 0.0 0.0 0.0 
0.0 0.0 0.0 0.0 0.0 0.0 
0.0 0.0 0.0 0.0 0.0 0.0 
0.0 0.0 0.0 0.0 0.0 0.0 
0.0 0.0 0.0 0.0 0.0 0.0 
0.0 0.0 0.0 0.0 0.0 0.0 
0.0 0.0 0.0 0.0 0.0 0.0 
0.0 0.0 0.0 0.0 0.0 0.0 
0.0 0.0 0.0 0.0 0.0 0.0 
0.0 0.0 0.0 0.0 0.0 0.0 
0.0 0.0 0.0 0.0 0.0 0.0 
0.0 0.0 0.0 0.0 0.0 0.0 
0.0 0.0 0.0 0.0 0.0 0.0 
0.0 0.0 0.0 0.0 0.0 0.0 
0.0 0.0 0.0 0.0 0.0 0.0 
0.0 0.0 0.0 0.0 0.0 0.0 
0.0 0.0 0.0 0.0 0.0 0.0 
0.0 0.0 0.0 0.0 0.0 0.0 
0.0 0.0 0.0 0.0 0.0 0.0 
0.0 0.0 0.0 0.0 0.0 0.0 
0.0 0.0 0.0 0.0 0.0 0.0 
0.0 0.0 0.0 0.0 0.0 0.0 
0.0 0.0 0.0 0.0 0.0 0.0 
0.0 0.0 0.0 0.0 0.0 0.0 
0.0 0.0 0.0 0.0 0.0 0.0 
0.0 0.0 0.0 0.0 0.0 0.0 
0.0 0.0 0.0 0.0 0.0 0.0 
0.0 0.0 0.0 0.0 0.0 0.0 
0.0 0.0 0.0 0.0 0.0 0.0 
0.0 0.0 0.0 0.0 0.0 0.0 
0.0 0.0 0.0 0.0 0.0 0.0 
0.0 0.0 0.0 0.0 0.0 0.0 
0.0 0.0 0.0 0.0 0.0 0.0 
0.0 0.0 0.0 0.0 0.0 0.0 
0.0 0.0 0.0 0.0 0.0 0.0 
0.0 0.0 0.0 0.0 0.0 0.0 
0.0 0.0 0.0 0.0 0.0 0.0 
0.0 0.0 0.0 0.0 0.0 0.0 
0.0 0.0 0.0 0.0 0.0 0.0 
0.0 0.0 0.0 0.0 0.0 0.0 
3.000000e-02
0.0 0.0 0.0 0.0 0.0 0.0 
0.0 0.0 0.0 0.0 0.0 0.0 
0.0 0.0 0.0 0.0 0.0 0.0 
0.0 0.0 0.0 0.0 0.0 0.0 
0.0 0.0 0.0 0.0 0.0 0.0 
0.0 0.0 0.0 0.0 0.0 0.0 
0.0 0.0 0.0 0.0 0.0 0.0 
0.0 0.0 0.0 0.0 0.0 0.0 
0.0 0.0 0.0 0.0 0.0 0.0 
0.0 0.0 0.0 0.0 0.0 0.0 
0.0 0.0 0.0 0.0 0.0 0.0 
0.0 0.0 0.0 0.0 0.0 0.0 
0.0 0.0 0.0 0.0 0.0 0.0 
0.0 0.0 0.0 0.0 0.0 0.0 
0.0 0.0 0.0 0.0 0.0 0.0 
0.0 0.0 0.0 0.0 0.0 0.0 
0.0 0.0 0.0 0.0 0.0 0.0 
0.0 0.0 0.0 0.0 0.0 0.0 
0.0 0.0 0.0 0.0 0.0 0.0 
0.0 0.0 0.0 0.0 0.0 0.0 
0.0 0.0 0.0 0.0 0.0 0.0 
0.0 0.0 0.0 0.0 0.0 0.0 
0.0 0.0 0.0 0.0 0.0 0.0 
0.0 0.0 0.0 0.0 0.0 0.0 
0.0 0.0 0.0 0.0 0.0 0.0 
0.0 0.0 0.0 0.0 0.0 0.0 
0.0 0.0 0.0 0.0 0.0 0.0 
0.0 0.0 0.0 0.0 0.0 0.0 
0.0 0.0 0.0 0.0 0.0 0.0 
0.0 0.0 0.0 0.0 0.0 0.0 
0.0 0.0 0.0 0.0 0.0 0.0 
0.0 0.0 0.0 0.0 0.0 0.0 
0.0 0.0 0.0 0.0 0.0 0.0 
0.0 0.0 0.0 0.0 0.0 0.0 
0.0 0.0 0.0 0.0 0.0 0.0 
0.0 0.0 0.0 0.0 0.0 0.0 
0.0 0.0 0.0 0.0 0.0 0.0 
0.0 0.0 0.0 0.0 0.0 0.0 
0.0 0.0 0.0 0.0 0.0 0.0 
0.0 0.0 0.0 0.0 0.0 0.0 
0.0 0.0 0.0 0.0 0.0 0.0 
0.0 0.0 0.0 0.0 0.0 0.0 
0.0 0.0 0.0 0.0 0.0 0.0 
0.0 0.0 0.0 0.0 0.0 0.0 
0.0 0.0 0.0 0.0 0.0 0.0 
0.0 0.0 0.0 0.0 0.0 0.0 
0.0 0.0 0.0 0.0 0.0 0.0 
0.0 0.0 0.0 0.0 0.0 0.0 
0.0 0.0 0.0 0.0 0.0 0.0 
0.0 0.0 0.0 0.0 0.0 0.0 
0.0 0.0 0.0 0.0 0.0 0.0 
0.0 0.0 0.0 0.0 0.0 0.0 
0.0 0.0 0.0 0.0 0.0 0.0 
0.0 0.0 0.0 0.0 0.0 0.0 
0.0 0.0 0.0 0.0 0.0 0.0 
0.0 0.0 0.0 0.0 0.0 0.0 
0.0 0.0 0.0 0.0 0.0 0.0 
0.0 0.0 0.0 0.0 0.0 0.0 
0.0 0.0 0.0 0.0 0.0 0.0 
0.0 0.0 0.0 0.0 0.0 0.0 
0.0 0.0 0.0 0.0 0.0 0.0 
0.0 0.0 0.0 0.0 0.0 0.0 
0.0 0.0 0.0 0.0 0.0 0.0 
0.0 0.0 0.0 0.0 0.0 0.0 
0.0 0.0 0.0 0.0 0.0 0.0 
0.0 0.0 0.0 0.0 0.0 0.0 
0.0 0.0 0.0 0.0 0.0 0.0 
0.0 0.0 0.0 0.0 0.0 0.0 
0.0 0.0 0.0 0.0 0.0 0.0 
0.0 0.0 0.0 0.0 0.0 0.0 
0.0 0.0 0.0 0.0 0.0 0.0 
0.0 0.0 0.0 0.0 0.0 0.0 
0.0 0.0 0.0 0.0 0.0 0.0 
0.0 0.0 0.0 0.0 0.0 0.0 
0.0 0.0 0.0 0.0 0.0 0.0 
0.0 0.0 0.0 0.0 0.0 0.0 
0.0 0.0 0.0 0.0 0.0 0.0 
0.0 0.0 0.0 0.0 0.0 0.0 
0.0 0.0 0.0 0.0 0.0 0.0 
0.0 0.0 0.0 0.0 0.0 0.0 
0.0 0.0 0.0 0.0 0.0 0.0 
0.0 0.0 0.0 0.0 0.0 0.0 
0.0 0.0 0.0 0.0 0.0 0.0 
0.0 0.0 0.0 0.0 0.0 0.0 
0.0 0.0 0.0 0.0 0.0 0.0 
0.0 0.0 0.0 0.0 0.0 0.0 
0.0 0.0 0.0 0.0 0.0 0.0 
0.0 0.0 0.0 0.0 0.0 0.0 
0.0 0.0 0.0 0.0 0.0 0.0 
0.0 0.0 0.0 0.0 0.0 0.0 
0.0 0.0 0.0 0.0 0.0 0.0 
0.0 0.0 0.0 0.0 0.0 0.0 
0.0 0.0 0.0 0.0 0.0 0.0 
0.0 0.0 0.0 0.0 0.0 0.0 
0.0 0.0 0.0 0.0 0.0 0.0 
0.0 0.0 0.0 0.0 0.0 0.0 
0.0 0.0 0.0 0.0 0.0 0.0 
0.0 0.0 0.0 0.0 0.0 0.0 
0.0 0.0 0.0 0.0 0.0 0.0 
0.0 0.0 0.0 0.0 0.0 0.0 
0.0 0.0 0.0 0.0 0.0 0.0 
0.0 0.0 0.0 0.0 0.0 0.0 
0.0 0.0 0.0 0.0 0.0 0.0 
0.0 0.0 0.0 0.0 0.0 0.0 
0.0 0.0 0.0 0.0 0.0 0.0 
0.0 0.0 0.0 0.0 0.0 0.0 
0.0 0.0 0.0 0.0 0.0 0.0 
0.0 0.0 0.0 0.0 0.0 0.0 
0.0 0.0 0.0 0.0 0.0 0.0 
0.0 0.0 0.0 0.0 0.0 0.0 
0.0 0.0 0.0 0.0 0.0 0.0 
0.0 0.0 0.0 0.0 0.0 0.0 
0.0 0.0 0.0 0.0 0.0 0.0 
0.0 0.0 0.0 0.0 0.0 0.0 
0.0 0.0 0.0 0.0 0.0 0.0 
0.0 0.0 0.0 0.0 0.0 0.0 
0.0 0.0 0.0 0.0 0.0 0.0 
0.0 0.0 0.0 0.0 0.0 0.0 
0.0 0.0 0.0 0.0 0.0 0.0 
0.0 0.0 0.0 0.0 0.0 0.0 
0.0 0.0 0.0 0.0 0.0 0.0 
0.0 0.0 0.0 0.0 0.0 0.0 
0.0 0.0 0.0 0.0 0.0 0.0 
0.0 0.0 0.0 0.0 0.0 0.0 
0.0 0.0 0.0 0.0 0.0 0.0 
0.0 0.0 0.0 0.0 0.0 0.0 
0.0 0.0 0.0 0.0 0.0 0.0 
0.0 0.0 0.0 0.0 0.0 0.0 
0.0 0.0 0.0 0.0 0.0 0.0 
0.0 0.0 0.0 0.0 0.0 0.0 
0.0 0.0 0.0 0.0 0.0 0.0 
0.0 0.0 0.0 0.0 0.0 0.0 
0.0 0.0 0.0 0.0 0.0 0.0 
0.0 0.0 0.0 0.0 0.0 0.0 
0.0 0.0 0.0 0.0 0.0 0.0 
0.0 0.0 0.0 0.0 0.0 0.0 
0.0 0.0 0.0 0.0 0.0 0.0 
0.0 0.0 0.0 0.0 0.0 0.0 
0.0 0.0 0.0 0.0 0.0 0.0 
0.0 0.0 0.0 0.0 0.0 0.0 
0.0 0.0 0.0 0.0 0.0 0.0 
0.0 0.0 0.0 0.0 0.0 0.0 
0.0 0.0 0.0 0.0 0.0 0.0 
0.0 0.0 0.0 0.0 0.0 0.0 
0.0 0.0 0.0 0.0 0.0 0.0 
0.0 0.0 0.0 0.0 0.0 0.0 
0.0 0.0 0.0 0.0 0.0 0.0 
0.0 0.0 0.0 0.0 0.0 0.0 
0.0 0.0 0.0 0.0 0.0 0.0 
0.0 0.0 0.0 0.0 0.0 0.0 
0.0 0.0 0.0 0.0 0.0 0.0 
0.0 0.0 0.0 0.0 0.0 0.0 
0.0 0.0 0.0 0.0 0.0 0.0 
0.0 0.0 0.0 0.0 0.0 0.0 
0.0 0.0 0.0 0.0 0.0 0.0 
0.0 0.0 0.0 0.0 0.0 0.0 
0.0 0.0 0.0 0.0 0.0 0.0 
0.0 0.0 0.0 0.0 0.0 0.0 
0.0 0.0 0.0 0.0 0.0 0.0 
0.0 0.0 0.0 0.0 0.0 0.0 
0.0 0.0 0.0 0.0 0.0 0.0 
0.0 0.0 0.0 0.0 0.0 0.0 
0.0 0.0 0.0 0.0 0.0 0.0 
0.0 0.0 0.0 0.0 0.0 0.0 
0.0 0.0 0.0 0.0 0.0 0.0 
0.0 0.0 0.0 0.0 0.0 0.0 
0.0 0.0 0.0 0.0 0.0 0.0 
0.0 0.0 0.0 0.0 0.0 0.0 
0.0 0.0 0.0 0.0 0.0 0.0 
0.0 0.0 0.0 0.0 0.0 0.0 
0.0 0.0 0.0 0.0 0.0 0.0 
0.0 0.0 0.0 0.0 0.0 0.0 
0.0 0.0 0.0 0.0 0.0 0.0 
0.0 0.0 0.0 0.0 0.0 0.0 
0.0 0.0 0.0 0.0 0.0 0.0 
0.0 0.0 0.0 0.0 0.0 0.0 
0.0 0.0 0.0 0.0 0.0 0.0 
0.0 0.0 0.0 0.0 0.0 0.0 
0.0 0.0 0.0 0.0 0.0 0.0 
0.0 0.0 0.0 0.0 0.0 0.0 
0.0 0.0 0.0 0.0 0.0 0.0 
0.0 0.0 0.0 0.0 0.0 0.0 
0.0 0.0 0.0 0.0 0.0 0.0 
0.0 0.0 0.0 0.0 0.0 0.0 
0.0 0.0 0.0 0.0 0.0 0.0 
0.0 0.0 0.0 0.0 0.0 0.0 
0.0 0.0 0.0 0.0 0.0 0.0 
0.0 0.0 0.0 0.0 0.0 0.0 
0.0 0.0 0.0 0.0 0.0 0.0 
0.0 0.0 0.0 0.0 0.0 0.0 
0.0 0.0 0.0 0.0 0.0 0.0 
0.0 0.0 0.0 0.0 0.0 0.0 
0.0 0.0 0.0 0.0 0.0 0.0 
0.0 0.0 0.0 0.0 0.0 0.0 
0.0 0.0 0.0 0.0 0.0 0.0 
0.0 0.0 0.0 0.0 0.0 0.0 
0.0 0.0 0.0 0.0 0.0 0.0 
0.0 0.0 0.0 0.0 0.0 0.0 
0.0 0.0 0.0 0.0 0.0 0.0 
0.0 0.0 0.0 0.0 0.0 0.0 
0.0 0.0 0.0 0.0 0.0 0.0 
0.0 0.0 0.0 0.0 0.0 0.0 
0.0 0.0 0.0 0.0 0.0 0.0 
0.0 0.0 0.0 0.0 0.0 0.0 
0.0 0.0 0.0 0.0 0.0 0.0 
0.0 0.0 0.0 0.0 0.0 0.0 
0.0 0.0 0.0 0.0 0.0 0.0 
0.0 0.0 0.0 0.0 0.0 0.0 
0.0 0.0 0.0 0.0 0.0 0.0 
0.0 0.0 0.0 0.0 0.0 0.0 
0.0 0.0 0.0 0.0 0.0 0.0 
0.0 0.0 0.0 0.0 0.0 0.0 
0.0 0.0 0.0 0.0 0.0 0.0 
0.0 0.0 0.0 0.0 0.0 0.0 
0.0 0.0 0.0 0.0 0.0 0.0 
0.0 0.0 0.0 0.0 0.0 0.0 
0.0 0.0 0.0 0.0 0.0 0.0 
0.0 0.0 0.0 0.0 0.0 0.0 
0.0 0.0 0.0 0.0 0.0 0.0 
0.0 0.0 0.0 0.0 0.0 0.0 
0.0 0.0 0.0 0.0 0.0 0.0 
0.0 0.0 0.0 0.0 0.0 0.0 
0.0 0.0 0.0 0.0 0.0 0.0 
0.0 0.0 0.0 0.0 0.0 0.0 
0.0 0.0 0.0 0.0 0.0 0.0 
0.0 0.0 0.0 0.0 0.0 0.0 
0.0 0.0 0.0 0.0 0.0 0.0 
0.0 0.0 0.0 0.0 0.0 0.0 
0.0 0.0 0.0 0.0 0.0 0.0 
0.0 0.0 0.0 0.0 0.0 0.0 
0.0 0.0 0.0 0.0 0.0 0.0 
0.0 0.0 0.0 0.0 0.0 0.0 
0.0 0.0 0.0 0.0 0.0 0.0 
0.0 0.0 0.0 0.0 0.0 0.0 
0.0 0.0 0.0 0.0 0.0 0.0 
0.0 0.0 0.0 0.0 0.0 0.0 
0.0 0.0 0.0 0.0 0.0 0.0 
0.0 0.0 0.0 0.0 0.0 0.0 
0.0 0.0 0.0 0.0 0.0 0.0 
0.0 0.0 0.0 0.0 0.0 0.0 
0.0 0.0 0.0 0.0 0.0 0.0 
0.0 0.0 0.0 0.0 0.0 0.0 
0.0 0.0 0.0 0.0 0.0 0.0 
0.0 0.0 0.0 0.0 0.0 0.0 
0.0 0.0 0.0 0.0 0.0 0.0 
0.0 0.0 0.0 0.0 0.0 0.0 
0.0 0.0 0.0 0.0 0.0 0.0 
0.0 0.0 0.0 0.0 0.0 0.0 
0.0 0.0 0.0 0.0 0.0 0.0 
0.0 0.0 0.0 0.0 0.0 0.0 
0.0 0.0 0.0 0.0 0.0 0.0 
0.0 0.0 0.0 0.0 0.0 0.0 
0.0 0.0 0.0 0.0 0.0 0.0 
0.0 0.0 0.0 0.0 0.0 0.0 
0.0 0.0 0.0 0.0 0.0 0.0 
0.0 0.0 0.0 0.0 0.0 0.0 
0.0 0.0 0.0 0.0 0.0 0.0 
0.0 0.0 0.0 0.0 0.0 0.0 
0.0 0.0 0.0 0.0 0.0 0.0 
0.0 0.0 0.0 0.0 0.0 0.0 
0.0 0.0 0.0 0.0 0.0 0.0 
0.0 0.0 0.0 0.0 0.0 0.0 
0.0 0.0 0.0 0.0 0.0 0.0 
0.0 0.0 0.0 0.0 0.0 0.0 
0.0 0.0 0.0 0.0 0.0 0.0 
0.0 0.0 0.0 0.0 0.0 0.0 
0.0 0.0 0.0 0.0 0.0 0.0 
0.0 0.0 0.0 0.0 0.0 0.0 
0.0 0.0 0.0 0.0 0.0 0.0 
0.0 0.0 0.0 0.0 0.0 0.0 
0.0 0.0 0.0 0.0 0.0 0.0 
0.0 0.0 0.0 0.0 0.0 0.0 
0.0 0.0 0.0 0.0 0.0 0.0 
0.0 0.0 0.0 0.0 0.0 0.0 
0.0 0.0 0.0 0.0 0.0 0.0 
0.0 0.0 0.0 0.0 0.0 0.0 
0.0 0.0 0.0 0.0 0.0 0.0 
0.0 0.0 0.0 0.0 0.0 0.0 
0.0 0.0 0.0 0.0 0.0 0.0 
0.0 0.0 0.0 0.0 0.0 0.0 
0.0 0.0 0.0 0.0 0.0 0.0 
0.0 0.0 0.0 0.0 0.0 0.0 
0.0 0.0 0.0 0.0 0.0 0.0 
0.0 0.0 0.0 0.0 0.0 0.0 
0.0 0.0 0.0 0.0 0.0 0.0 
0.0 0.0 0.0 0.0 0.0 0.0 
0.0 0.0 0.0 0.0 0.0 0.0 
0.0 0.0 0.0 0.0 0.0 0.0 
0.0 0.0 0.0 0.0 0.0 0.0 
0.0 0.0 0.0 0.0 0.0 0.0 
0.0 0.0 0.0 0.0 0.0 0.0 
0.0 0.0 0.0 0.0 0.0 0.0 
0.0 0.0 0.0 0.0 0.0 0.0 
0.0 0.0 0.0 0.0 0.0 0.0 
0.0 0.0 0.0 0.0 0.0 0.0 
0.0 0.0 0.0 0.0 0.0 0.0 
0.0 0.0 0.0 0.0 0.0 0.0 
0.0 0.0 0.0 0.0 0.0 0.0 
0.0 0.0 0.0 0.0 0.0 0.0 
0.0 0.0 0.0 0.0 0.0 0.0 
0.0 0.0 0.0 0.0 0.0 0.0 
0.0 0.0 0.0 0.0 0.0 0.0 
0.0 0.0 0.0 0.0 0.0 0.0 
0.0 0.0 0.0 0.0 0.0 0.0 
0.0 0.0 0.0 0.0 0.0 0.0 
0.0 0.0 0.0 0.0 0.0 0.0 
0.0 0.0 0.0 0.0 0.0 0.0 
0.0 0.0 0.0 0.0 0.0 0.0 
0.0 0.0 0.0 0.0 0.0 0.0 
0.0 0.0 0.0 0.0 0.0 0.0 
0.0 0.0 0.0 0.0 0.0 0.0 
0.0 0.0 0.0 0.0 0.0 0.0 
0.0 0.0 0.0 0.0 0.0 0.0 
0.0 0.0 0.0 0.0 0.0 0.0 
0.0 0.0 0.0 0.0 0.0 0.0 
0.0 0.0 0.0 0.0 0.0 0.0 
0.0 0.0 0.0 0.0 0.0 0.0 
0.0 0.0 0.0 0.0 0.0 0.0 
0.0 0.0 0.0 0.0 0.0 0.0 
0.0 0.0 0.0 0.0 0.0 0.0 
0.0 0.0 0.0 0.0 0.0 0.0 
0.0 0.0 0.0 0.0 0.0 0.0 
0.0 0.0 0.0 0.0 0.0 0.0 
0.0 0.0 0.0 0.0 0.0 0.0 
0.0 0.0 0.0 0.0 0.0 0.0 
0.0 0.0 0.0 0.0 0.0 0.0 
0.0 0.0 0.0 0.0 0.0 0.0 
0.0 0.0 0.0 0.0 0.0 0.0 
0.0 0.0 0.0 0.0 0.0 0.0 
0.0 0.0 0.0 0.0 0.0 0.0 
0.0 0.0 0.0 0.0 0.0 0.0 
0.0 0.0 0.0 0.0 0.0 0.0 
0.0 0.0 0.0 0.0 0.0 0.0 
0.0 0.0 0.0 0.0 0.0 0.0 
0.0 0.0 0.0 0.0 0.0 0.0 
0.0 0.0 0.0 0.0 0.0 0.0 
0.0 0.0 0.0 0.0 0.0 0.0 
0.0 0.0 0.0 0.0 0.0 0.0 
0.0 0.0 0.0 0.0 0.0 0.0 
0.0 0.0 0.0 0.0 0.0 0.0 
0.0 0.0 0.0 0.0 0.0 0.0 
0.0 0.0 0.0 0.0 0.0 0.0 
0.0 0.0 0.0 0.0 0.0 0.0 
0.0 0.0 0.0 0.0 0.0 0.0 
0.0 0.0 0.0 0.0 0.0 0.0 
0.0 0.0 0.0 0.0 0.0 0.0 
0.0 0.0 0.0 0.0 0.0 0.0 
0.0 0.0 0.0 0.0 0.0 0.0 
0.0 0.0 0.0 0.0 0.0 0.0 
0.0 0.0 0.0 0.0 0.0 0.0 
0.0 0.0 0.0 0.0 0.0 0.0 
0.0 0.0 0.0 0.0 0.0 0.0 
0.0 0.0 0.0 0.0 0.0 0.0 
0.0 0.0 0.0 0.0 0.0 0.0 
0.0 0.0 0.0 0.0 0.0 0.0 
0.0 0.0 0.0 0.0 0.0 0.0 
0.0 0.0 0.0 0.0 0.0 0.0 
0.0 0.0 0.0 0.0 0.0 0.0 
0.0 0.0 0.0 0.0 0.0 0.0 
0.0 0.0 0.0 0.0 0.0 0.0 
0.0 0.0 0.0 0.0 0.0 0.0 
0.0 0.0 0.0 0.0 0.0 0.0 
0.0 0.0 0.0 0.0 0.0 0.0 
0.0 0.0 0.0 0.0 0.0 0.0 
0.0 0.0 0.0 0.0 0.0 0.0 
0.0 0.0 0.0 0.0 0.0 0.0 
0.0 0.0 0.0 0.0 0.0 0.0 
0.0 0.0 0.0 0.0 0.0 0.0 
0.0 0.0 0.0 0.0 0.0 0.0 
0.0 0.0 0.0 0.0 0.0 0.0 
0.0 0.0 0.0 0.0 0.0 0.0 
0.0 0.0 0.0 0.0 0.0 0.0 
0.0 0.0 0.0 0.0 0.0 0.0 
0.0 0.0 0.0 0.0 0.0 0.0 
0.0 0.0 0.0 0.0 0.0 0.0 
0.0 0.0 0.0 0.0 0.0 0.0 
0.0 0.0 0.0 0.0 0.0 0.0 
0.0 0.0 0.0 0.0 0.0 0.0 
0.0 0.0 0.0 0.0 0.0 0.0 
0.0 0.0 0.0 0.0 0.0 0.0 
0.0 0.0 0.0 0.0 0.0 0.0 
0.0 0.0 0.0 0.0 0.0 0.0 
0.0 0.0 0.0 0.0 0.0 0.0 
0.0 0.0 0.0 0.0 0.0 0.0 
0.0 0.0 0.0 0.0 0.0 0.0 
0.0 0.0 0.0 0.0 0.0 0.0 
0.0 0.0 0.0 0.0 0.0 0.0 
0.0 0.0 0.0 0.0 0.0 0.0 
0.0 0.0 0.0 0.0 0.0 0.0 
0.0 0.0 0.0 0.0 0.0 0.0 
0.0 0.0 0.0 0.0 0.0 0.0 
0.0 0.0 0.0 0.0 0.0 0.0 
0.0 0.0 0.0 0.0 0.0 0.0 
0.0 0.0 0.0 0.0 0.0 0.0 
0.0 0.0 0.0 0.0 0.0 0.0 
0.0 0.0 0.0 0.0 0.0 0.0 
0.0 0.0 0.0 0.0 0.0 0.0 
0.0 0.0 0.0 0.0 0.0 0.0 
0.0 0.0 0.0 0.0 0.0 0.0 
0.0 0.0 0.0 0.0 0.0 0.0 
0.0 0.0 0.0 0.0 0.0 0.0 
0.0 0.0 0.0 0.0 0.0 0.0 
0.0 0.0 0.0 0.0 0.0 0.0 
0.0 0.0 0.0 0.0 0.0 0.0 
0.0 0.0 0.0 0.0 0.0 0.0 
0.0 0.0 0.0 0.0 0.0 0.0 
0.0 0.0 0.0 0.0 0.0 0.0 
0.0 0.0 0.0 0.0 0.0 0.0 
0.0 0.0 0.0 0.0 0.0 0.0 
0.0 0.0 0.0 0.0 0.0 0.0 
0.0 0.0 0.0 0.0 0.0 0.0 
0.0 0.0 0.0 0.0 0.0 0.0 
0.0 0.0 0.0 0.0 0.0 0.0 
0.0 0.0 0.0 0.0 0.0 0.0 
0.0 0.0 0.0 0.0 0.0 0.0 
0.0 0.0 0.0 0.0 0.0 0.0 
0.0 0.0 0.0 0.0 0.0 0.0 
0.0 0.0 0.0 0.0 0.0 0.0 
0.0 0.0 0.0 0.0 0.0 0.0 
0.0 0.0 0.0 0.0 0.0 0.0 
0.0 0.0 0.0 0.0 0.0 0.0 
0.0 0.0 0.0 0.0 0.0 0.0 
0.0 0.0 0.0 0.0 0.0 0.0 
0.0 0.0 0.0 0.0 0.0 0.0 
0.0 0.0 0.0 0.0 0.0 0.0 
0.0 0.0 0.0 0.0 0.0 0.0 
0.0 0.0 0.0 0.0 0.0 0.0 
0.0 0.0 0.0 0.0 0.0 0.0 
0.0 0.0 0.0 0.0 0.0 0.0 
0.0 0.0 0.0 0.0 0.0 0.0 
0.0 0.0 0.0 0.0 0.0 0.0 
0.0 0.0 0.0 0.0 0.0 0.0 
0.0 0.0 0.0 0.0 0.0 0.0 
0.0 0.0 0.0 0.0 0.0 0.0 
0.0 0.0 0.0 0.0 0.0 0.0 
0.0 0.0 0.0 0.0 0.0 0.0 
0.0 0.0 0.0 0.0 0.0 0.0 
0.0 0.0 0.0 0.0 0.0 0.0 
0.0 0.0 0.0 0.0 0.0 0.0 
0.0 0.0 0.0 0.0 0.0 0.0 
0.0 0.0 0.0 0.0 0.0 0.0 
0.0 0.0 0.0 0.0 0.0 0.0 
0.0 0.0 0.0 0.0 0.0 0.0 
0.0 0.0 0.0 0.0 0.0 0.0 
0.0 0.0 0.0 0.0 0.0 0.0 
0.0 0.0 0.0 0.0 0.0 0.0 
0.0 0.0 0.0 0.0 0.0 0.0 
0.0 0.0 0.0 0.0 0.0 0.0 
0.0 0.0 0.0 0.0 0.0 0.0 
0.0 0.0 0.0 0.0 0.0 0.0 
0.0 0.0 0.0 0.0 0.0 0.0 
0.0 0.0 0.0 0.0 0.0 0.0 
0.0 0.0 0.0 0.0 0.0 0.0 
0.0 0.0 0.0 0.0 0.0 0.0 
0.0 0.0 0.0 0.0 0.0 0.0 
0.0 0.0 0.0 0.0 0.0 0.0 
-0.00402221	0.04329026	0.00000000	-0.13407365	1.44300883	0.00000000
-0.00403818	0.04298260	0.00000000	-0.13460599	1.43275349	0.00000000
-0.00406457	0.04247066	0.00000000	-0.13548569	1.41568856	0.00000000
-0.00410100	0.04175563	0.00000000	-0.13669995	1.39185424	0.00000000
-0.00414697	0.04083926	0.00000000	-0.13823225	1.36130853	0.00000000
-0.00420186	0.03972370	0.00000000	-0.14006205	1.32412325	0.00000000
-0.00426495	0.03841162	0.00000000	-0.14216506	1.28038740	0.00000000
-0.00433539	0.03690615	0.00000000	-0.14451304	1.23020495	0.00000000
-0.00441227	0.03521087	0.00000000	-0.14707566	1.17369580	0.00000000
-0.00449457	0.03332981	0.00000000	-0.14981910	1.11099354	0.00000000
-0.00458130	0.03126744	0.00000000	-0.15270984	1.04224809	0.00000000
-0.00467130	0.02902864	0.00000000	-0.15571011	0.96762140	0.00000000
-0.00476352	0.02661873	0.00000000	-0.15878414	0.88729100	0.00000000
-0.00485681	0.02404342	0.00000000	-0.16189376	0.80144745	0.00000000
-0.00495006	0.02130880	0.00000000	-0.16500188	0.71029346	0.00000000
-0.00504211	0.01842134	0.00000000	-0.16807022	0.61404471	0.00000000
-0.00513184	0.01538785	0.00000000	-0.17106149	0.51292841	0.00000000
-0.00521817	0.01221552	0.00000000	-0.17393890	0.40718400	0.00000000
-0.00530000	0.00891182	0.00000000	-0.17666651	0.29706077	0.00000000
-0.00537619	0.00548454	0.00000000	-0.17920636	0.18281809	0.00000000
-0.00544571	0.00194178	0.00000000	-0.18152376	0.06472612	0.00000000
0.00502579	0.00285792	0.00000000	0.16752644	0.09526405	0.00000000
0.00434213	0.00633479	0.00000000	0.14473779	0.21115953	0.00000000
0.00367195	0.00969677	0.00000000	0.12239849	0.32322557	0.00000000
0.00301769	0.01293606	0.00000000	0.10058961	0.43120213	0.00000000
0.00238181	0.01604521	0.00000000	0.07939360	0.53484039	0.00000000
0.00176667	0.01901703	0.00000000	0.05888911	0.63390107	0.00000000
0.00117462	0.02184464	0.00000000	0.03915397	0.72815479	0.00000000
0.00060793	0.02452153	0.00000000	0.02026434	0.81738422	0.00000000
0.00006886	0.02704151	0.00000000	0.00229538	0.90138363	0.00000000
-0.00044043	0.02939880	0.00000000	-0.01468117	0.97995983	0.00000000
-0.00091784	0.03158795	0.00000000	-0.03059465	1.05293178	0.00000000
-0.00136137	0.03360393	0.00000000	-0.04537899	1.12013086	0.00000000
-0.00176907	0.03544212	0.00000000	-0.05896889	1.18140414	0.00000000
-0.00213916	0.03709829	0.00000000	-0.07130528	1.23660980	0.00000000
-0.00246995	0.03856866	0.00000000	-0.08233169	1.28562214	0.00000000
-0.00275992	0.03984985	0.00000000	-0.09199739	1.32832836	0.00000000
-0.00300770	0.04093893	0.00000000	-0.10025655	1.36463098	0.00000000
-0.00321209	0.04183340	0.00000000	-0.10706978	1.39444654	0.00000000
-0.00337213	0.04253124	0.00000000	-0.11240438	1.41770792	0.00000000
-0.00348702	0.04303082	0.00000000	-0.11623401	1.43436083	0.00000000
-0.00355617	0.04333104	0.00000000	-0.11853908	1.44436792	0.00000000
0.00548668	0.00048006	0.00000000	0.18288944	0.01600192	0.00000000
-0.00548669	-0.00047999	0.00000000	-0.18288964	-0.01599960	0.00000000
-0.00531395	0.00828396	0.00000000	-0.17713180	0.27613185	0.00000000
-0.00401686	0.04339290	0.00000000	-0.13389528	1.44643007	0.00000000
-0.00357927	0.04343119	0.00000000	-0.11930883	1.44770622	0.00000000
0.00525624	0.00166899	0.00000000	0.17520794	0.05563299	0.00000000
0.00457040	0.00517389	0.00000000	0.15234673	0.17246297	0.00000000
0.00479411	0.00403619	0.00000000	0.15980360	0.13453980	0.00000000
0.00389572	0.00857423	0.00000000	0.12985740	0.28580762	0.00000000
0.00411502	0.00747413	0.00000000	0.13716723	0.24913755	0.00000000
0.00323738	0.01184838	0.00000000	0.10791252	0.39494615	0.00000000
0.00345193	0.01078611	0.00000000	0.11506436	0.35953709	0.00000000
0.00259589	0.01499847	0.00000000	0.08652958	0.49994886	0.00000000
0.00280598	0.01397123	0.00000000	0.09353255	0.46570774	0.00000000
0.00197364	0.01801714	0.00000000	0.06578800	0.60057136	0.00000000
0.00217687	0.01703530	0.00000000	0.07256232	0.56784345	0.00000000
0.00138173	0.02085549	0.00000000	0.04605772	0.69518291	0.00000000
0.00158484	0.01988544	0.00000000	0.05282808	0.66284813	0.00000000
0.00089127	0.02318309	0.00000000	0.02970915	0.77276950	0.00000000
0.00033840	0.02578152	0.00000000	0.01127986	0.85938392	0.00000000
-0.00018579	0.02822015	0.00000000	-0.00619289	0.94067173	0.00000000
-0.00067914	0.03049337	0.00000000	-0.02263791	1.01644581	0.00000000
-0.00113960	0.03259594	0.00000000	-0.03798682	1.08653132	0.00000000
-0.00156522	0.03452303	0.00000000	-0.05217394	1.15076750	0.00000000
-0.00195411	0.03627021	0.00000000	-0.06513709	1.20900697	0.00000000
-0.00230455	0.03783348	0.00000000	-0.07681849	1.26111597	0.00000000
-0.00329211	0.04218232	0.00000000	-0.10973708	1.40607723	0.00000000
-0.00343187	0.04279102	0.00000000	-0.11439579	1.42636742	0.00000000
0.00000000	0.00000003	0.00000000	-0.00000010	0.00000116	0.00000000
0.00274334	0.00024005	0.00000000	0.09144467	0.00800154	0.00000000
0.00411501	0.00036005	0.00000000	0.13716705	0.01200173	0.00000000
0.00137167	0.00012004	0.00000000	0.04572228	0.00400135	0.00000000
-0.00274335	-0.00023998	0.00000000	-0.09144488	-0.00799922	0.00000000
-0.00137167	-0.00011997	0.00000000	-0.04572249	-0.00399903	0.00000000
-0.00411502	-0.00035998	0.00000000	-0.13716726	-0.01199941	0.00000000
-0.00535359	0.00650104	0.00000000	-0.17845307	0.21670128	0.00000000
-0.00533129	0.00750422	0.00000000	-0.17770965	0.25014056	0.00000000
-0.00542250	0.00312468	0.00000000	-0.18075000	0.10415607	0.00000000
-0.00539975	0.00428394	0.00000000	-0.17999171	0.14279797	0.00000000
-0.00546620	0.00073090	0.00000000	-0.18220671	0.02436326	0.00000000
-0.00405085	0.04273687	0.00000000	-0.13502825	1.42456231	0.00000000
-0.00408278	0.04211314	0.00000000	-0.13609282	1.40377140	0.00000000
-0.00430017	0.03765889	0.00000000	-0.14333905	1.25529618	0.00000000
-0.00437383	0.03605851	0.00000000	-0.14579435	1.20195037	0.00000000
-0.00445342	0.03427034	0.00000000	-0.14844738	1.14234467	0.00000000
-0.00453793	0.03229862	0.00000000	-0.15126447	1.07662081	0.00000000
-0.00462630	0.03014804	0.00000000	-0.15420997	1.00493474	0.00000000
-0.00471741	0.02782369	0.00000000	-0.15724713	0.92745620	0.00000000
-0.00481017	0.02533108	0.00000000	-0.16033895	0.84436922	0.00000000
-0.00490343	0.02267611	0.00000000	-0.16344782	0.75587046	0.00000000
-0.00500991	0.01943143	0.00000000	-0.16699685	0.64771449	0.00000000
-0.00497833	0.02042201	0.00000000	-0.16594422	0.68073370	0.00000000
-0.00510165	0.01640849	0.00000000	-0.17005505	0.54694975	0.00000000
-0.00507200	0.01741070	0.00000000	-0.16906679	0.58035680	0.00000000
-0.00518911	0.01328354	0.00000000	-0.17297017	0.44278460	0.00000000
-0.00516059	0.01433165	0.00000000	-0.17201950	0.47772157	0.00000000
-0.00527252	0.01002113	0.00000000	-0.17575064	0.33403755	0.00000000
-0.00524569	0.01110452	0.00000000	-0.17485617	0.37015058	0.00000000
-0.00389964	0.04340316	0.00000000	-0.12998784	1.44677193	0.00000000
-0.00378851	0.04341288	0.00000000	-0.12628368	1.44709600	0.00000000
-0.00368400	0.04342202	0.00000000	-0.12280015	1.44740077	0.00000000
9.000000e-02
0.0 0.0 0.0 0.0 0.0 0.0 
0.0 0.0 0.0 0.0 0.0 0.0 
0.0 0.0 0.0 0.0 0.0 0.0 
0.0 0.0 0.0 0.0 0.0 0.0 
0.0 0.0 0.0 0.0 0.0 0.0 
0.0 0.0 0.0 0.0 0.0 0.0 
0.0 0.0 0.0 0.0 0.0 0.0 
0.0 0.0 0.0 0.0 0.0 0.0 
0.0 0.0 0.0 0.0 0.0 0.0 
0.0 0.0 0.0 0.0 0.0 0.0 
0.0 0.0 0.0 0.0 0.0 0.0 
0.0 0.0 0.0 0.0 0.0 0.0 
0.0 0.0 0.0 0.0 0.0 0.0 
0.0 0.0 0.0 0.0 0.0 0.0 
0.0 0.0 0.0 0.0 0.0 0.0 
0.0 0.0 0.0 0.0 0.0 0.0 
0.0 0.0 0.0 0.0 0.0 0.0 
0.0 0.0 0.0 0.0 0.0 0.0 
0.0 0.0 0.0 0.0 0.0 0.0 
0.0 0.0 0.0 0.0 0.0 0.0 
0.0 0.0 0.0 0.0 0.0 0.0 
0.0 0.0 0.0 0.0 0.0 0.0 
0.0 0.0 0.0 0.0 0.0 0.0 
0.0 0.0 0.0 0.0 0.0 0.0 
0.0 0.0 0.0 0.0 0.0 0.0 
0.0 0.0 0.0 0.0 0.0 0.0 
0.0 0.0 0.0 0.0 0.0 0.0 
0.0 0.0 0.0 0.0 0.0 0.0 
0.0 0.0 0.0 0.0 0.0 0.0 
0.0 0.0 0.0 0.0 0.0 0.0 
0.0 0.0 0.0 0.0 0.0 0.0 
0.0 0.0 0.0 0.0 0.0 0.0 
0.0 0.0 0.0 0.0 0.0 0.0 
0.0 0.0 0.0 0.0 0.0 0.0 
0.0 0.0 0.0 0.0 0.0 0.0 
0.0 0.0 0.0 0.0 0.0 0.0 
0.0 0.0 0.0 0.0 0.0 0.0 
0.0 0.0 0.0 0.0 0.0 0.0 
0.0 0.0 0.0 0.0 0.0 0.0 
0.0 0.0 0.0 0.0 0.0 0.0 
0.0 0.0 0.0 0.0 0.0 0.0 
0.0 0.0 0.0 0.0 0.0 0.0 
0.0 0.0 0.0 0.0 0.0 0.0 
0.0 0.0 0.0 0.0 0.0 0.0 
0.0 0.0 0.0 0.0 0.0 0.0 
0.0 0.0 0.0 0.0 0.0 0.0 
0.0 0.0 0.0 0.0 0.0 0.0 
0.0 0.0 0.0 0.0 0.0 0.0 
0.0 0.0 0.0 0.0 0.0 0.0 
0.0 0.0 0.0 0.0 0.0 0.0 
0.0 0.0 0.0 0.0 0.0 0.0 
0.0 0.0 0.0 0.0 0.0 0.0 
0.0 0.0 0.0 0.0 0.0 0.0 
0.0 0.0 0.0 0.0 0.0 0.0 
0.0 0.0 0.0 0.0 0.0 0.0 
0.0 0.0 0.0 0.0 0.0 0.0 
0.0 0.0 0.0 0.0 0.0 0.0 
0.0 0.0 0.0 0.0 0.0 0.0 
0.0 0.0 0.0 0.0 0.0 0.0 
0.0 0.0 0.0 0.0 0.0 0.0 
0.0 0.0 0.0 0.0 0.0 0.0 
0.0 0.0 0.0 0.0 0.0 0.0 
0.0 0.0 0.0 0.0 0.0 0.0 
0.0 0.0 0.0 0.0 0.0 0.0 
0.0 0.0 0.0 0.0 0.0 0.0 
0.0 0.0 0.0 0.0 0.0 0.0 
0.0 0.0 0.0 0.0 0.0 0.0 
0.0 0.0 0.0 0.0 0.0 0.0 
0.0 0.0 0.0 0.0 0.0 0.0 
0.0 0.0 0.0 0.0 0.0 0.0 
0.0 0.0 0.0 0.0 0.0 0.0 
0.0 0.0 0.0 0.0 0.0 0.0 
0.0 0.0 0.0 0.0 0.0 0.0 
0.0 0.0 0.0 0.0 0.0 0.0 
0.0 0.0 0.0 0.0 0.0 0.0 
0.0 0.0 0.0 0.0 0.0 0.0 
0.0 0.0 0.0 0.0 0.0 0.0 
0.0 0.0 0.0 0.0 0.0 0.0 
0.0 0.0 0.0 0.0 0.0 0.0 
0.0 0.0 0.0 0.0 0.0 0.0 
0.0 0.0 0.0 0.0 0.0 0.0 
0.0 0.0 0.0 0.0 0.0 0.0 
0.0 0.0 0.0 0.0 0.0 0.0 
0.0 0.0 0.0 0.0 0.0 0.0 
0.0 0.0 0.0 0.0 0.0 0.0 
0.0 0.0 0.0 0.0 0.0 0.0 
0.0 0.0 0.0 0.0 0.0 0.0 
0.0 0.0 0.0 0.0 0.0 0.0 
0.0 0.0 0.0 0.0 0.0 0.0 
0.0 0.0 0.0 0.0 0.0 0.0 
0.0 0.0 0.0 0.0 0.0 0.0 
0.0 0.0 0.0 0.0 0.0 0.0 
0.0 0.0 0.0 0.0 0.0 0.0 
0.0 0.0 0.0 0.0 0.0 0.0 
0.0 0.0 0.0 0.0 0.0 0.0 
0.0 0.0 0.0 0.0 0.0 0.0 
0.0 0.0 0.0 0.0 0.0 0.0 
0.0 0.0 0.0 0.0 0.0 0.0 
0.0 0.0 0.0 0.0 0.0 0.0 
0.0 0.0 0.0 0.0 0.0 0.0 
0.0 0.0 0.0 0.0 0.0 0.0 
0.0 0.0 0.0 0.0 0.0 0.0 
0.0 0.0 0.0 0.0 0.0 0.0 
0.0 0.0 0.0 0.0 0.0 0.0 
0.0 0.0 0.0 0.0 0.0 0.0 
0.0 0.0 0.0 0.0 0.0 0.0 
0.0 0.0 0.0 0.0 0.0 0.0 
0.0 0.0 0.0 0.0 0.0 0.0 
0.0 0.0 0.0 0.0 0.0 0.0 
0.0 0.0 0.0 0.0 0.0 0.0 
0.0 0.0 0.0 0.0 0.0 0.0 
0.0 0.0 0.0 0.0 0.0 0.0 
0.0 0.0 0.0 0.0 0.0 0.0 
0.0 0.0 0.0 0.0 0.0 0.0 
0.0 0.0 0.0 0.0 0.0 0.0 
0.0 0.0 0.0 0.0 0.0 0.0 
0.0 0.0 0.0 0.0 0.0 0.0 
0.0 0.0 0.0 0.0 0.0 0.0 
0.0 0.0 0.0 0.0 0.0 0.0 
0.0 0.0 0.0 0.0 0.0 0.0 
0.0 0.0 0.0 0.0 0.0 0.0 
0.0 0.0 0.0 0.0 0.0 0.0 
0.0 0.0 0.0 0.0 0.0 0.0 
0.0 0.0 0.0 0.0 0.0 0.0 
0.0 0.0 0.0 0.0 0.0 0.0 
0.0 0.0 0.0 0.0 0.0 0.0 
0.0 0.0 0.0 0.0 0.0 0.0 
0.0 0.0 0.0 0.0 0.0 0.0 
0.0 0.0 0.0 0.0 0.0 0.0 
0.0 0.0 0.0 0.0 0.0 0.0 
0.0 0.0 0.0 0.0 0.0 0.0 
0.0 0.0 0.0 0.0 0.0 0.0 
0.0 0.0 0.0 0.0 0.0 0.0 
0.0 0.0 0.0 0.0 0.0 0.0 
0.0 0.0 0.0 0.0 0.0 0.0 
0.0 0.0 0.0 0.0 0.0 0.0 
0.0 0.0 0.0 0.0 0.0 0.0 
0.0 0.0 0.0 0.0 0.0 0.0 
0.0 0.0 0.0 0.0 0.0 0.0 
0.0 0.0 0.0 0.0 0.0 0.0 
0.0 0.0 0.0 0.0 0.0 0.0 
0.0 0.0 0.0 0.0 0.0 0.0 
0.0 0.0 0.0 0.0 0.0 0.0 
0.0 0.0 0.0 0.0 0.0 0.0 
0.0 0.0 0.0 0.0 0.0 0.0 
0.0 0.0 0.0 0.0 0.0 0.0 
0.0 0.0 0.0 0.0 0.0 0.0 
0.0 0.0 0.0 0.0 0.0 0.0 
0.0 0.0 0.0 0.0 0.0 0.0 
0.0 0.0 0.0 0.0 0.0 0.0 
0.0 0.0 0.0 0.0 0.0 0.0 
0.0 0.0 0.0 0.0 0.0 0.0 
0.0 0.0 0.0 0.0 0.0 0.0 
0.0 0.0 0.0 0.0 0.0 0.0 
0.0 0.0 0.0 0.0 0.0 0.0 
0.0 0.0 0.0 0.0 0.0 0.0 
0.0 0.0 0.0 0.0 0.0 0.0 
0.0 0.0 0.0 0.0 0.0 0.0 
0.0 0.0 0.0 0.0 0.0 0.0 
0.0 0.0 0.0 0.0 0.0 0.0 
0.0 0.0 0.0 0.0 0.0 0.0 
0.0 0.0 0.0 0.0 0.0 0.0 
0.0 0.0 0.0 0.0 0.0 0.0 
0.0 0.0 0.0 0.0 0.0 0.0 
0.0 0.0 0.0 0.0 0.0 0.0 
0.0 0.0 0.0 0.0 0.0 0.0 
0.0 0.0 0.0 0.0 0.0 0.0 
0.0 0.0 0.0 0.0 0.0 0.0 
0.0 0.0 0.0 0.0 0.0 0.0 
0.0 0.0 0.0 0.0 0.0 0.0 
0.0 0.0 0.0 0.0 0.0 0.0 
0.0 0.0 0.0 0.0 0.0 0.0 
0.0 0.0 0.0 0.0 0.0 0.0 
0.0 0.0 0.0 0.0 0.0 0.0 
0.0 0.0 0.0 0.0 0.0 0.0 
0.0 0.0 0.0 0.0 0.0 0.0 
0.0 0.0 0.0 0.0 0.0 0.0 
0.0 0.0 0.0 0.0 0.0 0.0 
0.0 0.0 0.0 0.0 0.0 0.0 
0.0 0.0 0.0 0.0 0.0 0.0 
0.0 0.0 0.0 0.0 0.0 0.0 
0.0 0.0 0.0 0.0 0.0 0.0 
0.0 0.0 0.0 0.0 0.0 0.0 
0.0 0.0 0.0 0.0 0.0 0.0 
0.0 0.0 0.0 0.0 0.0 0.0 
0.0 0.0 0.0 0.0 0.0 0.0 
0.0 0.0 0.0 0.0 0.0 0.0 
0.0 0.0 0.0 0.0 0.0 0.0 
0.0 0.0 0.0 0.0 0.0 0.0 
0.0 0.0 0.0 0.0 0.0 0.0 
0.0 0.0 0.0 0.0 0.0 0.0 
0.0 0.0 0.0 0.0 0.0 0.0 
0.0 0.0 0.0 0.0 0.0 0.0 
0.0 0.0 0.0 0.0 0.0 0.0 
0.0 0.0 0.0 0.0 0.0 0.0 
0.0 0.0 0.0 0.0 0.0 0.0 
0.0 0.0 0.0 0.0 0.0 0.0 
0.0 0.0 0.0 0.0 0.0 0.0 
0.0 0.0 0.0 0.0 0.0 0.0 
0.0 0.0 0.0 0.0 0.0 0.0 
0.0 0.0 0.0 0.0 0.0 0.0 
0.0 0.0 0.0 0.0 0.0 0.0 
0.0 0.0 0.0 0.0 0.0 0.0 
0.0 0.0 0.0 0.0 0.0 0.0 
0.0 0.0 0.0 0.0 0.0 0.0 
0.0 0.0 0.0 0.0 0.0 0.0 
0.0 0.0 0.0 0.0 0.0 0.0 
0.0 0.0 0.0 0.0 0.0 0.0 
0.0 0.0 0.0 0.0 0.0 0.0 
0.0 0.0 0.0 0.0 0.0 0.0 
0.0 0.0 0.0 0.0 0.0 0.0 
0.0 0.0 0.0 0.0 0.0 0.0 
0.0 0.0 0.0 0.0 0.0 0.0 
0.0 0.0 0.0 0.0 0.0 0.0 
0.0 0.0 0.0 0.0 0.0 0.0 
0.0 0.0 0.0 0.0 0.0 0.0 
0.0 0.0 0.0 0.0 0.0 0.0 
0.0 0.0 0.0 0.0 0.0 0.0 
0.0 0.0 0.0 0.0 0.0 0.0 
0.0 0.0 0.0 0.0 0.0 0.0 
0.0 0.0 0.0 0.0 0.0 0.0 
0.0 0.0 0.0 0.0 0.0 0.0 
0.0 0.0 0.0 0.0 0.0 0.0 
0.0 0.0 0.0 0.0 0.0 0.0 
0.0 0.0 0.0 0.0 0.0 0.0 
0.0 0.0 0.0 0.0 0.0 0.0 
0.0 0.0 0.0 0.0 0.0 0.0 
0.0 0.0 0.0 0.0 0.0 0.0 
0.0 0.0 0.0 0.0 0.0 0.0 
0.0 0.0 0.0 0.0 0.0 0.0 
0.0 0.0 0.0 0.0 0.0 0.0 
0.0 0.0 0.0 0.0 0.0 0.0 
0.0 0.0 0.0 0.0 0.0 0.0 
0.0 0.0 0.0 0.0 0.0 0.0 
0.0 0.0 0.0 0.0 0.0 0.0 
0.0 0.0 0.0 0.0 0.0 0.0 
0.0 0.0 0.0 0.0 0.0 0.0 
0.0 0.0 0.0 0.0 0.0 0.0 
0.0 0.0 0.0 0.0 0.0 0.0 
0.0 0.0 0.0 0.0 0.0 0.0 
0.0 0.0 0.0 0.0 0.0 0.0 
0.0 0.0 0.0 0.0 0.0 0.0 
0.0 0.0 0.0 0.0 0.0 0.0 
0.0 0.0 0.0 0.0 0.0 0.0 
0.0 0.0 0.0 0.0 0.0 0.0 
0.0 0.0 0.0 0.0 0.0 0.0 
0.0 0.0 0.0 0.0 0.0 0.0 
0.0 0.0 0.0 0.0 0.0 0.0 
0.0 0.0 0.0 0.0 0.0 0.0 
0.0 0.0 0.0 0.0 0.0 0.0 
0.0 0.0 0.0 0.0 0.0 0.0 
0.0 0.0 0.0 0.0 0.0 0.0 
0.0 0.0 0.0 0.0 0.0 0.0 
0.0 0.0 0.0 0.0 0.0 0.0 
0.0 0.0 0.0 0.0 0.0 0.0 
0.0 0.0 0.0 0.0 0.0 0.0 
0.0 0.0 0.0 0.0 0.0 0.0 
0.0 0.0 0.0 0.0 0.0 0.0 
0.0 0.0 0.0 0.0 0.0 0.0 
0.0 0.0 0.0 0.0 0.0 0.0 
0.0 0.0 0.0 0.0 0.0 0.0 
0.0 0.0 0.0 0.0 0.0 0.0 
0.0 0.0 0.0 0.0 0.0 0.0 
0.0 0.0 0.0 0.0 0.0 0.0 
0.0 0.0 0.0 0.0 0.0 0.0 
0.0 0.0 0.0 0.0 0.0 0.0 
0.0 0.0 0.0 0.0 0.0 0.0 
0.0 0.0 0.0 0.0 0.0 0.0 
0.0 0.0 0.0 0.0 0.0 0.0 
0.0 0.0 0.0 0.0 0.0 0.0 
0.0 0.0 0.0 0.0 0.0 0.0 
0.0 0.0 0.0 0.0 0.0 0.0 
0.0 0.0 0.0 0.0 0.0 0.0 
0.0 0.0 0.0 0.0 0.0 0.0 
0.0 0.0 0.0 0.0 0.0 0.0 
0.0 0.0 0.0 0.0 0.0 0.0 
0.0 0.0 0.0 0.0 0.0 0.0 
0.0 0.0 0.0 0.0 0.0 0.0 
0.0 0.0 0.0 0.0 0.0 0.0 
0.0 0.0 0.0 0.0 0.0 0.0 
0.0 0.0 0.0 0.0 0.0 0.0 
0.0 0.0 0.0 0.0 0.0 0.0 
0.0 0.0 0.0 0.0 0.0 0.0 
0.0 0.0 0.0 0.0 0.0 0.0 
0.0 0.0 0.0 0.0 0.0 0.0 
0.0 0.0 0.0 0.0 0.0 0.0 
0.0 0.0 0.0 0.0 0.0 0.0 
0.0 0.0 0.0 0.0 0.0 0.0 
0.0 0.0 0.0 0.0 0.0 0.0 
0.0 0.0 0.0 0.0 0.0 0.0 
0.0 0.0 0.0 0.0 0.0 0.0 
0.0 0.0 0.0 0.0 0.0 0.0 
0.0 0.0 0.0 0.0 0.0 0.0 
0.0 0.0 0.0 0.0 0.0 0.0 
0.0 0.0 0.0 0.0 0.0 0.0 
0.0 0.0 0.0 0.0 0.0 0.0 
0.0 0.0 0.0 0.0 0.0 0.0 
0.0 0.0 0.0 0.0 0.0 0.0 
0.0 0.0 0.0 0.0 0.0 0.0 
0.0 0.0 0.0 0.0 0.0 0.0 
0.0 0.0 0.0 0.0 0.0 0.0 
0.0 0.0 0.0 0.0 0.0 0.0 
0.0 0.0 0.0 0.0 0.0 0.0 
0.0 0.0 0.0 0.0 0.0 0.0 
0.0 0.0 0.0 0.0 0.0 0.0 
0.0 0.0 0.0 0.0 0.0 0.0 
0.0 0.0 0.0 0.0 0.0 0.0 
0.0 0.0 0.0 0.0 0.0 0.0 
0.0 0.0 0.0 0.0 0.0 0.0 
0.0 0.0 0.0 0.0 0.0 0.0 
0.0 0.0 0.0 0.0 0.0 0.0 
0.0 0.0 0.0 0.0 0.0 0.0 
0.0 0.0 0.0 0.0 0.0 0.0 
0.0 0.0 0.0 0.0 0.0 0.0 
0.0 0.0 0.0 0.0 0.0 0.0 
0.0 0.0 0.0 0.0 0.0 0.0 
0.0 0.0 0.0 0.0 0.0 0.0 
0.0 0.0 0.0 0.0 0.0 0.0 
0.0 0.0 0.0 0.0 0.0 0.0 
0.0 0.0 0.0 0.0 0.0 0.0 
0.0 0.0 0.0 0.0 0.0 0.0 
0.0 0.0 0.0 0.0 0.0 0.0 
0.0 0.0 0.0 0.0 0.0 0.0 
0.0 0.0 0.0 0.0 0.0 0.0 
0.0 0.0 0.0 0.0 0.0 0.0 
0.0 0.0 0.0 0.0 0.0 0.0 
0.0 0.0 0.0 0.0 0.0 0.0 
0.0 0.0 0.0 0.0 0.0 0.0 
0.0 0.0 0.0 0.0 0.0 0.0 
0.0 0.0 0.0 0.0 0.0 0.0 
0.0 0.0 0.0 0.0 0.0 0.0 
0.0 0.0 0.0 0.0 0.0 0.0 
0.0 0.0 0.0 0.0 0.0 0.0 
0.0 0.0 0.0 0.0 0.0 0.0 
0.0 0.0 0.0 0.0 0.0 0.0 
0.0 0.0 0.0 0.0 0.0 0.0 
0.0 0.0 0.0 0.0 0.0 0.0 
0.0 0.0 0.0 0.0 0.0 0.0 
0.0 0.0 0.0 0.0 0.0 0.0 
0.0 0.0 0.0 0.0 0.0 0.0 
0.0 0.0 0.0 0.0 0.0 0.0 
0.0 0.0 0.0 0.0 0.0 0.0 
0.0 0.0 0.0 0.0 0.0 0.0 
0.0 0.0 0.0 0.0 0.0 0.0 
0.0 0.0 0.0 0.0 0.0 0.0 
0.0 0.0 0.0 0.0 0.0 0.0 
0.0 0.0 0.0 0.0 0.0 0.0 
0.0 0.0 0.0 0.0 0.0 0.0 
0.0 0.0 0.0 0.0 0.0 0.0 
0.0 0.0 0.0 0.0 0.0 0.0 
0.0 0.0 0.0 0.0 0.0 0.0 
0.0 0.0 0.0 0.0 0.0 0.0 
0.0 0.0 0.0 0.0 0.0 0.0 
0.0 0.0 0.0 0.0 0.0 0.0 
0.0 0.0 0.0 0.0 0.0 0.0 
0.0 0.0 0.0 0.0 0.0 0.0 
0.0 0.0 0.0 0.0 0.0 0.0 
0.0 0.0 0.0 0.0 0.0 0.0 
0.0 0.0 0.0 0.0 0.0 0.0 
0.0 0.0 0.0 0.0 0.0 0.0 
0.0 0.0 0.0 0.0 0.0 0.0 
0.0 0.0 0.0 0.0 0.0 0.0 
0.0 0.0 0.0 0.0 0.0 0.0 
0.0 0.0 0.0 0.0 0.0 0.0 
0.0 0.0 0.0 0.0 0.0 0.0 
0.0 0.0 0.0 0.0 0.0 0.0 
0.0 0.0 0.0 0.0 0.0 0.0 
0.0 0.0 0.0 0.0 0.0 0.0 
0.0 0.0 0.0 0.0 0.0 0.0 
0.0 0.0 0.0 0.0 0.0 0.0 
0.0 0.0 0.0 0.0 0.0 0.0 
0.0 0.0 0.0 0.0 0.0 0.0 
0.0 0.0 0.0 0.0 0.0 0.0 
0.0 0.0 0.0 0.0 0.0 0.0 
0.0 0.0 0.0 0.0 0.0 0.0 
0.0 0.0 0.0 0.0 0.0 0.0 
0.0 0.0 0.0 0.0 0.0 0.0 
0.0 0.0 0.0 0.0 0.0 0.0 
0.0 0.0 0.0 0.0 0.0 0.0 
0.0 0.0 0.0 0.0 0.0 0.0 
0.0 0.0 0.0 0.0 0.0 0.0 
0.0 0.0 0.0 0.0 0.0 0.0 
0.0 0.0 0.0 0.0 0.0 0.0 
0.0 0.0 0.0 0.0 0.0 0.0 
0.0 0.0 0.0 0.0 0.0 0.0 
0.0 0.0 0.0 0.0 0.0 0.0 
0.0 0.0 0.0 0.0 0.0 0.0 
0.0 0.0 0.0 0.0 0.0 0.0 
0.0 0.0 0.0 0.0 0.0 0.0 
0.0 0.0 0.0 0.0 0.0 0.0 
0.0 0.0 0.0 0.0 0.0 0.0 
0.0 0.0 0.0 0.0 0.0 0.0 
0.0 0.0 0.0 0.0 0.0 0.0 
0.0 0.0 0.0 0.0 0.0 0.0 
0.0 0.0 0.0 0.0 0.0 0.0 
0.0 0.0 0.0 0.0 0.0 0.0 
0.0 0.0 0.0 0.0 0.0 0.0 
0.0 0.0 0.0 0.0 0.0 0.0 
0.0 0.0 0.0 0.0 0.0 0.0 
0.0 0.0 0.0 0.0 0.0 0.0 
0.0 0.0 0.0 0.0 0.0 0.0 
0.0 0.0 0.0 0.0 0.0 0.0 
0.0 0.0 0.0 0.0 0.0 0.0 
0.0 0.0 0.0 0.0 0.0 0.0 
0.0 0.0 0.0 0.0 0.0 0.0 
0.0 0.0 0.0 0.0 0.0 0.0 
0.0 0.0 0.0 0.0 0.0 0.0 
0.0 0.0 0.0 0.0 0.0 0.0 
0.0 0.0 0.0 0.0 0.0 0.0 
0.0 0.0 0.0 0.0 0.0 0.0 
0.0 0.0 0.0 0.0 0.0 0.0 
0.0 0.0 0.0 0.0 0.0 0.0 
0.0 0.0 0.0 0.0 0.0 0.0 
0.0 0.0 0.0 0.0 0.0 0.0 
0.0 0.0 0.0 0.0 0.0 0.0 
0.0 0.0 0.0 0.0 0.0 0.0 
0.0 0.0 0.0 0.0 0.0 0.0 
0.0 0.0 0.0 0.0 0.0 0.0 
0.0 0.0 0.0 0.0 0.0 0.0 
0.0 0.0 0.0 0.0 0.0 0.0 
0.0 0.0 0.0 0.0 0.0 0.0 
0.0 0.0 0.0 0.0 0.0 0.0 
0.0 0.0 0.0 0.0 0.0 0.0 
0.0 0.0 0.0 0.0 0.0 0.0 
0.0 0.0 0.0 0.0 0.0 0.0 
0.0 0.0 0.0 0.0 0.0 0.0 
0.0 0.0 0.0 0.0 0.0 0.0 
0.0 0.0 0.0 0.0 0.0 0.0 
0.0 0.0 0.0 0.0 0.0 0.0 
0.0 0.0 0.0 0.0 0.0 0.0 
0.0 0.0 0.0 0.0 0.0 0.0 
0.0 0.0 0.0 0.0 0.0 0.0 
0.0 0.0 0.0 0.0 0.0 0.0 
0.0 0.0 0.0 0.0 0.0 0.0 
0.0 0.0 0.0 0.0 0.0 0.0 
0.0 0.0 0.0 0.0 0.0 0.0 
0.0 0.0 0.0 0.0 0.0 0.0 
0.0 0.0 0.0 0.0 0.0 0.0 
0.0 0.0 0.0 0.0 0.0 0.0 
0.0 0.0 0.0 0.0 0.0 0.0 
0.0 0.0 0.0 0.0 0.0 0.0 
0.0 0.0 0.0 0.0 0.0 0.0 
0.0 0.0 0.0 0.0 0.0 0.0 
0.0 0.0 0.0 0.0 0.0 0.0 
0.0 0.0 0.0 0.0 0.0 0.0 
0.0 0.0 0.0 0.0 0.0 0.0 
0.0 0.0 0.0 0.0 0.0 0.0 
0.0 0.0 0.0 0.0 0.0 0.0 
0.0 0.0 0.0 0.0 0.0 0.0 
0.0 0.0 0.0 0.0 0.0 0.0 
0.0 0.0 0.0 0.0 0.0 0.0 
0.0 0.0 0.0 0.0 0.0 0.0 
0.0 0.0 0.0 0.0 0.0 0.0 
0.0 0.0 0.0 0.0 0.0 0.0 
0.0 0.0 0.0 0.0 0.0 0.0 
0.0 0.0 0.0 0.0 0.0 0.0 
-0.00355617	-0.04333104	0.00000000	-0.11853908	-1.44436792	0.00000000
-0.00348702	-0.04303082	0.00000000	-0.11623401	-1.43436083	0.00000000
-0.00337213	-0.04253124	0.00000000	-0.11240438	-1.41770792	0.00000000
-0.00321209	-0.04183340	0.00000000	-0.10706978	-1.39444654	0.00000000
-0.00300770	-0.04093893	0.00000000	-0.10025655	-1.36463098	0.00000000
-0.00275992	-0.03984985	0.00000000	-0.09199739	-1.32832836	0.00000000
-0.00246995	-0.03856866	0.00000000	-0.08233169	-1.28562214	0.00000000
-0.00213916	-0.03709829	0.00000000	-0.07130528	-1.23660980	0.00000000
-0.00176907	-0.03544212	0.00000000	-0.05896889	-1.18140414	0.00000000
-0.00136137	-0.03360393	0.00000000	-0.04537899	-1.12013086	0.00000000
-0.00091784	-0.03158795	0.00000000	-0.03059465	-1.05293178	0.00000000
-0.00044043	-0.02939880	0.00000000	-0.01468117	-0.97995983	0.00000000
0.00006886	-0.02704151	0.00000000	0.00229538	-0.90138363	0.00000000
0.00060793	-0.02452153	0.00000000	0.02026434	-0.81738422	0.00000000
0.00117462	-0.02184464	0.00000000	0.03915397	-0.72815479	0.00000000
0.00176667	-0.01901703	0.00000000	0.05888911	-0.63390107	0.00000000
0.00238181	-0.01604521	0.00000000	0.07939360	-0.53484039	0.00000000
0.00301769	-0.01293606	0.00000000	0.10058961	-0.43120213	0.00000000
0.00367195	-0.00969677	0.00000000	0.12239849	-0.32322557	0.00000000
0.00434213	-0.00633479	0.00000000	0.14473779	-0.21115953	0.00000000
0.00502579	-0.00285792	0.00000000	0.16752644	-0.09526405	0.00000000
-0.00544571	-0.00194178	0.00000000	-0.18152376	-0.06472612	0.00000000
-0.00537619	-0.00548454	0.00000000	-0.17920636	-0.18281809	0.00000000
-0.00530000	-0.00891182	0.00000000	-0.17666651	-0.29706077	0.00000000
-0.00521817	-0.01221552	0.00000000	-0.17393890	-0.40718400	0.00000000
-0.00513184	-0.01538785	0.00000000	-0.17106149	-0.51292841	0.00000000
-0.00504211	-0.01842134	0.00000000	-0.16807022	-0.61404471	0.00000000
-0.00495006	-0.02130880	0.00000000	-0.16500188	-0.71029346	0.00000000
-0.00485681	-0.02404342	0.00000000	-0.16189376	-0.80144745	0.00000000
-0.00476352	-0.02661873	0.00000000	-0.15878414	-0.88729100	0.00000000
-0.00467130	-0.02902864	0.00000000	-0.15571011	-0.96762140	0.00000000
-0.00458130	-0.03126744	0.00000000	-0.15270984	-1.04224809	0.00000000
-0.00449457	-0.03332981	0.00000000	-0.14981910	-1.11099354	0.00000000
-0.00441227	-0.03521087	0.00000000	-0.14707566	-1.17369580	0.00000000
-0.00433539	-0.03690615	0.00000000	-0.14451304	-1.23020495	0.00000000
-0.00426495	-0.03841162	0.00000000	-0.14216506	-1.28038740	0.00000000
-0.00420186	-0.03972370	0.00000000	-0.14006205	-1.32412325	0.00000000
-0.00414697	-0.04083926	0.00000000	-0.13823225	-1.36130853	0.00000000
-0.00410100	-0.04175563	0.00000000	-0.13669995	-1.39185424	0.00000000
-0.00406457	-0.04247066	0.00000000	-0.13548569	-1.41568856	0.00000000
-0.00403818	-0.04298260	0.00000000	-0.13460599	-1.43275349	0.00000000
-0.00402221	-0.04329026	0.00000000	-0.13407365	-1.44300883	0.00000000
-0.00548669	0.00047999	0.00000000	-0.18288964	0.01599960	0.00000000
0.00548668	-0.00048006	0.00000000	0.18288944	-0.01600192	0.00000000
0.00379473	-0.00908086	0.00000000	0.12649098	-0.30269541	0.00000000
-0.00357927	-0.04343119	0.00000000	-0.11930883	-1.44770622	0.00000000
-0.00401686	-0.04339290	0.00000000	-0.13389528	-1.44643007	0.00000000
-0.00546620	-0.00073090	0.00000000	-0.18220671	-0.02436326	0.00000000
-0.00539940	-0.00430164	0.00000000	-0.17998012	-0.14338813	0.00000000
-0.00542215	-0.00314239	0.00000000	-0.18073842	-0.10474623	0.00000000
-0.00532544	-0.00776748	0.00000000	-0.17751454	-0.25891606	0.00000000
-0.00535037	-0.00664601	0.00000000	-0.17834564	-0.22153375	0.00000000
-0.00524564	-0.01110622	0.00000000	-0.17485477	-0.37020722	0.00000000
-0.00527248	-0.01002283	0.00000000	-0.17574923	-0.33409419	0.00000000
-0.00516091	-0.01431983	0.00000000	-0.17203021	-0.47732781	0.00000000
-0.00518943	-0.01327173	0.00000000	-0.17298088	-0.44239084	0.00000000
-0.00507230	-0.01740070	0.00000000	-0.16907666	-0.58002336	0.00000000
-0.00510195	-0.01639849	0.00000000	-0.17006492	-0.54661632	0.00000000
-0.00498226	-0.02029871	0.00000000	-0.16607525	-0.67662368	0.00000000
-0.00501384	-0.01930813	0.00000000	-0.16712787	-0.64360447	0.00000000
-0.00490343	-0.02267611	0.00000000	-0.16344782	-0.75587046	0.00000000
-0.00481017	-0.02533108	0.00000000	-0.16033895	-0.84436922	0.00000000
-0.00471741	-0.02782369	0.00000000	-0.15724713	-0.92745620	0.00000000
-0.00462630	-0.03014804	0.00000000	-0.15420997	-1.00493474	0.00000000
-0.00453793	-0.03229862	0.00000000	-0.15126447	-1.07662081	0.00000000
-0.00445342	-0.03427034	0.00000000	-0.14844738	-1.14234467	0.00000000
-0.00437383	-0.03605851	0.00000000	-0.14579435	-1.20195037	0.00000000
-0.00430017	-0.03765889	0.00000000	-0.14333905	-1.25529618	0.00000000
-0.00408278	-0.04211314	0.00000000	-0.13609282	-1.40377140	0.00000000
-0.00405085	-0.04273687	0.00000000	-0.13502825	-1.42456231	0.00000000
0.00000000	-0.00000003	0.00000000	-0.00000010	-0.00000116	0.00000000
-0.00274335	0.00023998	0.00000000	-0.09144488	0.00799922	0.00000000
-0.00411502	0.00035998	0.00000000	-0.13716726	0.01199941	0.00000000
-0.00137167	0.00011997	0.00000000	-0.04572249	0.00399903	0.00000000
0.00274334	-0.00024005	0.00000000	0.09144467	-0.00800154	0.00000000
0.00137167	-0.00012004	0.00000000	0.04572228	-0.00400135	0.00000000
0.00411501	-0.00036005	0.00000000	0.13716705	-0.01200173	0.00000000
0.00414337	-0.00733191	0.00000000	0.13811219	-0.24439715	0.00000000
0.00394720	-0.00831598	0.00000000	0.13157339	-0.27719932	0.00000000
0.00479752	-0.00401882	0.00000000	0.15991749	-0.13396061	0.00000000
0.00457382	-0.00515651	0.00000000	0.15246062	-0.17188378	0.00000000
0.00525624	-0.00166899	0.00000000	0.17520794	-0.05563299	0.00000000
-0.00343187	-0.04279102	0.00000000	-0.11439579	-1.42636742	0.00000000
-0.00329211	-0.04218232	0.00000000	-0.10973708	-1.40607723	0.00000000
-0.00230455	-0.03783348	0.00000000	-0.07681849	-1.26111597	0.00000000
-0.00195411	-0.03627021	0.00000000	-0.06513709	-1.20900697	0.00000000
-0.00156522	-0.03452303	0.00000000	-0.05217394	-1.15076750	0.00000000
-0.00113960	-0.03259594	0.00000000	-0.03798682	-1.08653132	0.00000000
-0.00067914	-0.03049337	0.00000000	-0.02263791	-1.01644581	0.00000000
-0.00018579	-0.02822015	0.00000000	-0.00619289	-0.94067173	0.00000000
0.00033840	-0.02578152	0.00000000	0.01127986	-0.85938392	0.00000000
0.00089127	-0.02318309	0.00000000	0.02970915	-0.77276950	0.00000000
0.00155956	-0.02000619	0.00000000	0.05198535	-0.66687295	0.00000000
0.00135645	-0.02097623	0.00000000	0.04521499	-0.69920774	0.00000000
0.00217484	-0.01704510	0.00000000	0.07249470	-0.56817011	0.00000000
0.00197161	-0.01802694	0.00000000	0.06572038	-0.60089801	0.00000000
0.00280361	-0.01398281	0.00000000	0.09345362	-0.46609366	0.00000000
0.00259352	-0.01501004	0.00000000	0.08645066	-0.50033478	0.00000000
0.00345227	-0.01078445	0.00000000	0.11507558	-0.35948155	0.00000000
0.00323771	-0.01184672	0.00000000	0.10792374	-0.39489062	0.00000000
-0.00369649	-0.04342093	0.00000000	-0.12321627	-1.44736437	0.00000000
-0.00380761	-0.04341121	0.00000000	-0.12692044	-1.44704029	0.00000000
-0.00391212	-0.04340207	0.00000000	-0.13040396	-1.44673552	0.00000000
1.200000e-01
0.0 0.0 0.0 0.0 0.0 0.0 
0.0 0.0 0.0 0.0 0.0 0.0 
0.0 0.0 0.0 0.0 0.0 0.0 
0.0 0.0 0.0 0.0 0.0 0.0 
0.0 0.0 0.0 0.0 0.0 0.0 
0.0 0.0 0.0 0.0 0.0 0.0 
0.0 0.0 0.0 0.0 0.0 0.0 
0.0 0.0 0.0 0.0 0.0 0.0 
0.0 0.0 0.0 0.0 0.0 0.0 
0.0 0.0 0.0 0.0 0.0 0.0 
0.0 0.0 0.0 0.0 0.0 0.0 
0.0 0.0 0.0 0.0 0.0 0.0 
0.0 0.0 0.0 0.0 0.0 0.0 
0.0 0.0 0.0 0.0 0.0 0.0 
0.0 0.0 0.0 0.0 0.0 0.0 
0.0 0.0 0.0 0.0 0.0 0.0 
0.0 0.0 0.0 0.0 0.0 0.0 
0.0 0.0 0.0 0.0 0.0 0.0 
0.0 0.0 0.0 0.0 0.0 0.0 
0.0 0.0 0.0 0.0 0.0 0.0 
0.0 0.0 0.0 0.0 0.0 0.0 
0.0 0.0 0.0 0.0 0.0 0.0 
0.0 0.0 0.0 0.0 0.0 0.0 
0.0 0.0 0.0 0.0 0.0 0.0 
0.0 0.0 0.0 0.0 0.0 0.0 
0.0 0.0 0.0 0.0 0.0 0.0 
0.0 0.0 0.0 0.0 0.0 0.0 
0.0 0.0 0.0 0.0 0.0 0.0 
0.0 0.0 0.0 0.0 0.0 0.0 
0.0 0.0 0.0 0.0 0.0 0.0 
0.0 0.0 0.0 0.0 0.0 0.0 
0.0 0.0 0.0 0.0 0.0 0.0 
0.0 0.0 0.0 0.0 0.0 0.0 
0.0 0.0 0.0 0.0 0.0 0.0 
0.0 0.0 0.0 0.0 0.0 0.0 
0.0 0.0 0.0 0.0 0.0 0.0 
0.0 0.0 0.0 0.0 0.0 0.0 
0.0 0.0 0.0 0.0 0.0 0.0 
0.0 0.0 0.0 0.0 0.0 0.0 
0.0 0.0 0.0 0.0 0.0 0.0 
0.0 0.0 0.0 0.0 0.0 0.0 
0.0 0.0 0.0 0.0 0.0 0.0 
0.0 0.0 0.0 0.0 0.0 0.0 
0.0 0.0 0.0 0.0 0.0 0.0 
0.0 0.0 0.0 0.0 0.0 0.0 
0.0 0.0 0.0 0.0 0.0 0.0 
0.0 0.0 0.0 0.0 0.0 0.0 
0.0 0.0 0.0 0.0 0.0 0.0 
0.0 0.0 0.0 0.0 0.0 0.0 
0.0 0.0 0.0 0.0 0.0 0.0 
0.0 0.0 0.0 0.0 0.0 0.0 
0.0 0.0 0.0 0.0 0.0 0.0 
0.0 0.0 0.0 0.0 0.0 0.0 
0.0 0.0 0.0 0.0 0.0 0.0 
0.0 0.0 0.0 0.0 0.0 0.0 
0.0 0.0 0.0 0.0 0.0 0.0 
0.0 0.0 0.0 0.0 0.0 0.0 
0.0 0.0 0.0 0.0 0.0 0.0 
0.0 0.0 0.0 0.0 0.0 0.0 
0.0 0.0 0.0 0.0 0.0 0.0 
0.0 0.0 0.0 0.0 0.0 0.0 
0.0 0.0 0.0 0.0 0.0 0.0 
0.0 0.0 0.0 0.0 0.0 0.0 
0.0 0.0 0.0 0.0 0.0 0.0 
0.0 0.0 0.0 0.0 0.0 0.0 
0.0 0.0 0.0 0.0 0.0 0.0 
0.0 0.0 0.0 0.0 0.0 0.0 
0.0 0.0 0.0 0.0 0.0 0.0 
0.0 0.0 0.0 0.0 0.0 0.0 
0.0 0.0 0.0 0.0 0.0 0.0 
0.0 0.0 0.0 0.0 0.0 0.0 
0.0 0.0 0.0 0.0 0.0 0.0 
0.0 0.0 0.0 0.0 0.0 0.0 
0.0 0.0 0.0 0.0 0.0 0.0 
0.0 0.0 0.0 0.0 0.0 0.0 
0.0 0.0 0.0 0.0 0.0 0.0 
0.0 0.0 0.0 0.0 0.0 0.0 
0.0 0.0 0.0 0.0 0.0 0.0 
0.0 0.0 0.0 0.0 0.0 0.0 
0.0 0.0 0.0 0.0 0.0 0.0 
0.0 0.0 0.0 0.0 0.0 0.0 
0.0 0.0 0.0 0.0 0.0 0.0 
0.0 0.0 0.0 0.0 0.0 0.0 
0.0 0.0 0.0 0.0 0.0 0.0 
0.0 0.0 0.0 0.0 0.0 0.0 
0.0 0.0 0.0 0.0 0.0 0.0 
0.0 0.0 0.0 0.0 0.0 0.0 
0.0 0.0 0.0 0.0 0.0 0.0 
0.0 0.0 0.0 0.0 0.0 0.0 
0.0 0.0 0.0 0.0 0.0 0.0 
0.0 0.0 0.0 0.0 0.0 0.0 
0.0 0.0 0.0 0.0 0.0 0.0 
0.0 0.0 0.0 0.0 0.0 0.0 
0.0 0.0 0.0 0.0 0.0 0.0 
0.0 0.0 0.0 0.0 0.0 0.0 
0.0 0.0 0.0 0.0 0.0 0.0 
0.0 0.0 0.0 0.0 0.0 0.0 
0.0 0.0 0.0 0.0 0.0 0.0 
0.0 0.0 0.0 0.0 0.0 0.0 
0.0 0.0 0.0 0.0 0.0 0.0 
0.0 0.0 0.0 0.0 0.0 0.0 
0.0 0.0 0.0 0.0 0.0 0.0 
0.0 0.0 0.0 0.0 0.0 0.0 
0.0 0.0 0.0 0.0 0.0 0.0 
0.0 0.0 0.0 0.0 0.0 0.0 
0.0 0.0 0.0 0.0 0.0 0.0 
0.0 0.0 0.0 0.0 0.0 0.0 
0.0 0.0 0.0 0.0 0.0 0.0 
0.0 0.0 0.0 0.0 0.0 0.0 
0.0 0.0 0.0 0.0 0.0 0.0 
0.0 0.0 0.0 0.0 0.0 0.0 
0.0 0.0 0.0 0.0 0.0 0.0 
0.0 0.0 0.0 0.0 0.0 0.0 
0.0 0.0 0.0 0.0 0.0 0.0 
0.0 0.0 0.0 0.0 0.0 0.0 
0.0 0.0 0.0 0.0 0.0 0.0 
0.0 0.0 0.0 0.0 0.0 0.0 
0.0 0.0 0.0 0.0 0.0 0.0 
0.0 0.0 0.0 0.0 0.0 0.0 
0.0 0.0 0.0 0.0 0.0 0.0 
0.0 0.0 0.0 0.0 0.0 0.0 
0.0 0.0 0.0 0.0 0.0 0.0 
0.0 0.0 0.0 0.0 0.0 0.0 
0.0 0.0 0.0 0.0 0.0 0.0 
0.0 0.0 0.0 0.0 0.0 0.0 
0.0 0.0 0.0 0.0 0.0 0.0 
0.0 0.0 0.0 0.0 0.0 0.0 
0.0 0.0 0.0 0.0 0.0 0.0 
0.0 0.0 0.0 0.0 0.0 0.0 
0.0 0.0 0.0 0.0 0.0 0.0 
0.0 0.0 0.0 0.0 0.0 0.0 
0.0 0.0 0.0 0.0 0.0 0.0 
0.0 0.0 0.0 0.0 0.0 0.0 
0.0 0.0 0.0 0.0 0.0 0.0 
0.0 0.0 0.0 0.0 0.0 0.0 
0.0 0.0 0.0 0.0 0.0 0.0 
0.0 0.0 0.0 0.0 0.0 0.0 
0.0 0.0 0.0 0.0 0.0 0.0 
0.0 0.0 0.0 0.0 0.0 0.0 
0.0 0.0 0.0 0.0 0.0 0.0 
0.0 0.0 0.0 0.0 0.0 0.0 
0.0 0.0 0.0 0.0 0.0 0.0 
0.0 0.0 0.0 0.0 0.0 0.0 
0.0 0.0 0.0 0.0 0.0 0.0 
0.0 0.0 0.0 0.0 0.0 0.0 
0.0 0.0 0.0 0.0 0.0 0.0 
0.0 0.0 0.0 0.0 0.0 0.0 
0.0 0.0 0.0 0.0 0.0 0.0 
0.0 0.0 0.0 0.0 0.0 0.0 
0.0 0.0 0.0 0.0 0.0 0.0 
0.0 0.0 0.0 0.0 0.0 0.0 
0.0 0.0 0.0 0.0 0.0 0.0 
0.0 0.0 0.0 0.0 0.0 0.0 
0.0 0.0 0.0 0.0 0.0 0.0 
0.0 0.0 0.0 0.0 0.0 0.0 
0.0 0.0 0.0 0.0 0.0 0.0 
0.0 0.0 0.0 0.0 0.0 0.0 
0.0 0.0 0.0 0.0 0.0 0.0 
0.0 0.0 0.0 0.0 0.0 0.0 
0.0 0.0 0.0 0.0 0.0 0.0 
0.0 0.0 0.0 0.0 0.0 0.0 
0.0 0.0 0.0 0.0 0.0 0.0 
0.0 0.0 0.0 0.0 0.0 0.0 
0.0 0.0 0.0 0.0 0.0 0.0 
0.0 0.0 0.0 0.0 0.0 0.0 
0.0 0.0 0.0 0.0 0.0 0.0 
0.0 0.0 0.0 0.0 0.0 0.0 
0.0 0.0 0.0 0.0 0.0 0.0 
0.0 0.0 0.0 0.0 0.0 0.0 
0.0 0.0 0.0 0.0 0.0 0.0 
0.0 0.0 0.0 0.0 0.0 0.0 
0.0 0.0 0.0 0.0 0.0 0.0 
0.0 0.0 0.0 0.0 0.0 0.0 
0.0 0.0 0.0 0.0 0.0 0.0 
0.0 0.0 0.0 0.0 0.0 0.0 
0.0 0.0 0.0 0.0 0.0 0.0 
0.0 0.0 0.0 0.0 0.0 0.0 
0.0 0.0 0.0 0.0 0.0 0.0 
0.0 0.0 0.0 0.0 0.0 0.0 
0.0 0.0 0.0 0.0 0.0 0.0 
0.0 0.0 0.0 0.0 0.0 0.0 
0.0 0.0 0.0 0.0 0.0 0.0 
0.0 0.0 0.0 0.0 0.0 0.0 
0.0 0.0 0.0 0.0 0.0 0.0 
0.0 0.0 0.0 0.0 0.0 0.0 
0.0 0.0 0.0 0.0 0.0 0.0 
0.0 0.0 0.0 0.0 0.0 0.0 
0.0 0.0 0.0 0.0 0.0 0.0 
0.0 0.0 0.0 0.0 0.0 0.0 
0.0 0.0 0.0 0.0 0.0 0.0 
0.0 0.0 0.0 0.0 0.0 0.0 
0.0 0.0 0.0 0.0 0.0 0.0 
0.0 0.0 0.0 0.0 0.0 0.0 
0.0 0.0 0.0 0.0 0.0 0.0 
0.0 0.0 0.0 0.0 0.0 0.0 
0.0 0.0 0.0 0.0 0.0 0.0 
0.0 0.0 0.0 0.0 0.0 0.0 
0.0 0.0 0.0 0.0 0.0 0.0 
0.0 0.0 0.0 0.0 0.0 0.0 
0.0 0.0 0.0 0.0 0.0 0.0 
0.0 0.0 0.0 0.0 0.0 0.0 
0.0 0.0 0.0 0.0 0.0 0.0 
0.0 0.0 0.0 0.0 0.0 0.0 
0.0 0.0 0.0 0.0 0.0 0.0 
0.0 0.0 0.0 0.0 0.0 0.0 
0.0 0.0 0.0 0.0 0.0 0.0 
0.0 0.0 0.0 0.0 0.0 0.0 
0.0 0.0 0.0 0.0 0.0 0.0 
0.0 0.0 0.0 0.0 0.0 0.0 
0.0 0.0 0.0 0.0 0.0 0.0 
0.0 0.0 0.0 0.0 0.0 0.0 
0.0 0.0 0.0 0.0 0.0 0.0 
0.0 0.0 0.0 0.0 0.0 0.0 
0.0 0.0 0.0 0.0 0.0 0.0 
0.0 0.0 0.0 0.0 0.0 0.0 
0.0 0.0 0.0 0.0 0.0 0.0 
0.0 0.0 0.0 0.0 0.0 0.0 
0.0 0.0 0.0 0.0 0.0 0.0 
0.0 0.0 0.0 0.0 0.0 0.0 
0.0 0.0 0.0 0.0 0.0 0.0 
0.0 0.0 0.0 0.0 0.0 0.0 
0.0 0.0 0.0 0.0 0.0 0.0 
0.0 0.0 0.0 0.0 0.0 0.0 
0.0 0.0 0.0 0.0 0.0 0.0 
0.0 0.0 0.0 0.0 0.0 0.0 
0.0 0.0 0.0 0.0 0.0 0.0 
0.0 0.0 0.0 0.0 0.0 0.0 
0.0 0.0 0.0 0.0 0.0 0.0 
0.0 0.0 0.0 0.0 0.0 0.0 
0.0 0.0 0.0 0.0 0.0 0.0 
0.0 0.0 0.0 0.0 0.0 0.0 
0.0 0.0 0.0 0.0 0.0 0.0 
0.0 0.0 0.0 0.0 0.0 0.0 
0.0 0.0 0.0 0.0 0.0 0.0 
0.0 0.0 0.0 0.0 0.0 0.0 
0.0 0.0 0.0 0.0 0.0 0.0 
0.0 0.0 0.0 0.0 0.0 0.0 
0.0 0.0 0.0 0.0 0.0 0.0 
0.0 0.0 0.0 0.0 0.0 0.0 
0.0 0.0 0.0 0.0 0.0 0.0 
0.0 0.0 0.0 0.0 0.0 0.0 
0.0 0.0 0.0 0.0 0.0 0.0 
0.0 0.0 0.0 0.0 0.0 0.0 
0.0 0.0 0.0 0.0 0.0 0.0 
0.0 0.0 0.0 0.0 0.0 0.0 
0.0 0.0 0.0 0.0 0.0 0.0 
0.0 0.0 0.0 0.0 0.0 0.0 
0.0 0.0 0.0 0.0 0.0 0.0 
0.0 0.0 0.0 0.0 0.0 0.0 
0.0 0.0 0.0 0.0 0.0 0.0 
0.0 0.0 0.0 0.0 0.0 0.0 
0.0 0.0 0.0 0.0 0.0 0.0 
0.0 0.0 0.0 0.0 0.0 0.0 
0.0 0.0 0.0 0.0 0.0 0.0 
0.0 0.0 0.0 0.0 0.0 0.0 
0.0 0.0 0.0 0.0 0.0 0.0 
0.0 0.0 0.0 0.0 0.0 0.0 
0.0 0.0 0.0 0.0 0.0 0.0 
0.0 0.0 0.0 0.0 0.0 0.0 
0.0 0.0 0.0 0.0 0.0 0.0 
0.0 0.0 0.0 0.0 0.0 0.0 
0.0 0.0 0.0 0.0 0.0 0.0 
0.0 0.0 0.0 0.0 0.0 0.0 
0.0 0.0 0.0 0.0 0.0 0.0 
0.0 0.0 0.0 0.0 0.0 0.0 
0.0 0.0 0.0 0.0 0.0 0.0 
0.0 0.0 0.0 0.0 0.0 0.0 
0.0 0.0 0.0 0.0 0.0 0.0 
0.0 0.0 0.0 0.0 0.0 0.0 
0.0 0.0 0.0 0.0 0.0 0.0 
0.0 0.0 0.0 0.0 0.0 0.0 
0.0 0.0 0.0 0.0 0.0 0.0 
0.0 0.0 0.0 0.0 0.0 0.0 
0.0 0.0 0.0 0.0 0.0 0.0 
0.0 0.0 0.0 0.0 0.0 0.0 
0.0 0.0 0.0 0.0 0.0 0.0 
0.0 0.0 0.0 0.0 0.0 0.0 
0.0 0.0 0.0 0.0 0.0 0.0 
0.0 0.0 0.0 0.0 0.0 0.0 
0.0 0.0 0.0 0.0 0.0 0.0 
0.0 0.0 0.0 0.0 0.0 0.0 
0.0 0.0 0.0 0.0 0.0 0.0 
0.0 0.0 0.0 0.0 0.0 0.0 
0.0 0.0 0.0 0.0 0.0 0.0 
0.0 0.0 0.0 0.0 0.0 0.0 
0.0 0.0 0.0 0.0 0.0 0.0 
0.0 0.0 0.0 0.0 0.0 0.0 
0.0 0.0 0.0 0.0 0.0 0.0 
0.0 0.0 0.0 0.0 0.0 0.0 
0.0 0.0 0.0 0.0 0.0 0.0 
0.0 0.0 0.0 0.0 0.0 0.0 
0.0 0.0 0.0 0.0 0.0 0.0 
0.0 0.0 0.0 0.0 0.0 0.0 
0.0 0.0 0.0 0.0 0.0 0.0 
0.0 0.0 0.0 0.0 0.0 0.0 
0.0 0.0 0.0 0.0 0.0 0.0 
0.0 0.0 0.0 0.0 0.0 0.0 
0.0 0.0 0.0 0.0 0.0 0.0 
0.0 0.0 0.0 0.0 0.0 0.0 
0.0 0.0 0.0 0.0 0.0 0.0 
0.0 0.0 0.0 0.0 0.0 0.0 
0.0 0.0 0.0 0.0 0.0 0.0 
0.0 0.0 0.0 0.0 0.0 0.0 
0.0 0.0 0.0 0.0 0.0 0.0 
0.0 0.0 0.0 0.0 0.0 0.0 
0.0 0.0 0.0 0.0 0.0 0.0 
0.0 0.0 0.0 0.0 0.0 0.0 
0.0 0.0 0.0 0.0 0.0 0.0 
0.0 0.0 0.0 0.0 0.0 0.0 
0.0 0.0 0.0 0.0 0.0 0.0 
0.0 0.0 0.0 0.0 0.0 0.0 
0.0 0.0 0.0 0.0 0.0 0.0 
0.0 0.0 0.0 0.0 0.0 0.0 
0.0 0.0 0.0 0.0 0.0 0.0 
0.0 0.0 0.0 0.0 0.0 0.0 
0.0 0.0 0.0 0.0 0.0 0.0 
0.0 0.0 0.0 0.0 0.0 0.0 
0.0 0.0 0.0 0.0 0.0 0.0 
0.0 0.0 0.0 0.0 0.0 0.0 
0.0 0.0 0.0 0.0 0.0 0.0 
0.0 0.0 0.0 0.0 0.0 0.0 
0.0 0.0 0.0 0.0 0.0 0.0 
0.0 0.0 0.0 0.0 0.0 0.0 
0.0 0.0 0.0 0.0 0.0 0.0 
0.0 0.0 0.0 0.0 0.0 0.0 
0.0 0.0 0.0 0.0 0.0 0.0 
0.0 0.0 0.0 0.0 0.0 0.0 
0.0 0.0 0.0 0.0 0.0 0.0 
0.0 0.0 0.0 0.0 0.0 0.0 
0.0 0.0 0.0 0.0 0.0 0.0 
0.0 0.0 0.0 0.0 0.0 0.0 
0.0 0.0 0.0 0.0 0.0 0.0 
0.0 0.0 0.0 0.0 0.0 0.0 
0.0 0.0 0.0 0.0 0.0 0.0 
0.0 0.0 0.0 0.0 0.0 0.0 
0.0 0.0 0.0 0.0 0.0 0.0 
0.0 0.0 0.0 0.0 0.0 0.0 
0.0 0.0 0.0 0.0 0.0 0.0 
0.0 0.0 0.0 0.0 0.0 0.0 
0.0 0.0 0.0 0.0 0.0 0.0 
0.0 0.0 0.0 0.0 0.0 0.0 
0.0 0.0 0.0 0.0 0.0 0.0 
0.0 0.0 0.0 0.0 0.0 0.0 
0.0 0.0 0.0 0.0 0.0 0.0 
0.0 0.0 0.0 0.0 0.0 0.0 
0.0 0.0 0.0 0.0 0.0 0.0 
0.0 0.0 0.0 0.0 0.0 0.0 
0.0 0.0 0.0 0.0 0.0 0.0 
0.0 0.0 0.0 0.0 0.0 0.0 
0.0 0.0 0.0 0.0 0.0 0.0 
0.0 0.0 0.0 0.0 0.0 0.0 
0.0 0.0 0.0 0.0 0.0 0.0 
0.0 0.0 0.0 0.0 0.0 0.0 
0.0 0.0 0.0 0.0 0.0 0.0 
0.0 0.0 0.0 0.0 0.0 0.0 
0.0 0.0 0.0 0.0 0.0 0.0 
0.0 0.0 0.0 0.0 0.0 0.0 
0.0 0.0 0.0 0.0 0.0 0.0 
0.0 0.0 0.0 0.0 0.0 0.0 
0.0 0.0 0.0 0.0 0.0 0.0 
0.0 0.0 0.0 0.0 0.0 0.0 
0.0 0.0 0.0 0.0 0.0 0.0 
0.0 0.0 0.0 0.0 0.0 0.0 
0.0 0.0 0.0 0.0 0.0 0.0 
0.0 0.0 0.0 0.0 0.0 0.0 
0.0 0.0 0.0 0.0 0.0 0.0 
0.0 0.0 0.0 0.0 0.0 0.0 
0.0 0.0 0.0 0.0 0.0 0.0 
0.0 0.0 0.0 0.0 0.0 0.0 
0.0 0.0 0.0 0.0 0.0 0.0 
0.0 0.0 0.0 0.0 0.0 0.0 
0.0 0.0 0.0 0.0 0.0 0.0 
0.0 0.0 0.0 0.0 0.0 0.0 
0.0 0.0 0.0 0.0 0.0 0.0 
0.0 0.0 0.0 0.0 0.0 0.0 
0.0 0.0 0.0 0.0 0.0 0.0 
0.0 0.0 0.0 0.0 0.0 0.0 
0.0 0.0 0.0 0.0 0.0 0.0 
0.0 0.0 0.0 0.0 0.0 0.0 
0.0 0.0 0.0 0.0 0.0 0.0 
0.0 0.0 0.0 0.0 0.0 0.0 
0.0 0.0 0.0 0.0 0.0 0.0 
0.0 0.0 0.0 0.0 0.0 0.0 
0.0 0.0 0.0 0.0 0.0 0.0 
0.0 0.0 0.0 0.0 0.0 0.0 
0.0 0.0 0.0 0.0 0.0 0.0 
0.0 0.0 0.0 0.0 0.0 0.0 
0.0 0.0 0.0 0.0 0.0 0.0 
0.0 0.0 0.0 0.0 0.0 0.0 
0.0 0.0 0.0 0.0 0.0 0.0 
0.0 0.0 0.0 0.0 0.0 0.0 
0.0 0.0 0.0 0.0 0.0 0.0 
0.0 0.0 0.0 0.0 0.0 0.0 
0.0 0.0 0.0 0.0 0.0 0.0 
0.0 0.0 0.0 0.0 0.0 0.0 
0.0 0.0 0.0 0.0 0.0 0.0 
0.0 0.0 0.0 0.0 0.0 0.0 
0.0 0.0 0.0 0.0 0.0 0.0 
0.0 0.0 0.0 0.0 0.0 0.0 
0.0 0.0 0.0 0.0 0.0 0.0 
0.0 0.0 0.0 0.0 0.0 0.0 
0.0 0.0 0.0 0.0 0.0 0.0 
0.0 0.0 0.0 0.0 0.0 0.0 
0.0 0.0 0.0 0.0 0.0 0.0 
0.0 0.0 0.0 0.0 0.0 0.0 
0.0 0.0 0.0 0.0 0.0 0.0 
0.0 0.0 0.0 0.0 0.0 0.0 
0.0 0.0 0.0 0.0 0.0 0.0 
0.0 0.0 0.0 0.0 0.0 0.0 
0.0 0.0 0.0 0.0 0.0 0.0 
0.0 0.0 0.0 0.0 0.0 0.0 
0.0 0.0 0.0 0.0 0.0 0.0 
0.0 0.0 0.0 0.0 0.0 0.0 
0.0 0.0 0.0 0.0 0.0 0.0 
0.0 0.0 0.0 0.0 0.0 0.0 
0.0 0.0 0.0 0.0 0.0 0.0 
0.0 0.0 0.0 0.0 0.0 0.0 
0.0 0.0 0.0 0.0 0.0 0.0 
0.0 0.0 0.0 0.0 0.0 0.0 
0.0 0.0 0.0 0.0 0.0 0.0 
0.0 0.0 0.0 0.0 0.0 0.0 
0.0 0.0 0.0 0.0 0.0 0.0 
0.0 0.0 0.0 0.0 0.0 0.0 
0.0 0.0 0.0 0.0 0.0 0.0 
0.0 0.0 0.0 0.0 0.0 0.0 
0.0 0.0 0.0 0.0 0.0 0.0 
0.0 0.0 0.0 0.0 0.0 0.0 
0.0 0.0 0.0 0.0 0.0 0.0 
0.0 0.0 0.0 0.0 0.0 0.0 
0.0 0.0 0.0 0.0 0.0 0.0 
0.0 0.0 0.0 0.0 0.0 0.0 
0.0 0.0 0.0 0.0 0.0 0.0 
0.0 0.0 0.0 0.0 0.0 0.0 
0.0 0.0 0.0 0.0 0.0 0.0 
0.0 0.0 0.0 0.0 0.0 0.0 
0.0 0.0 0.0 0.0 0.0 0.0 
0.0 0.0 0.0 0.0 0.0 0.0 
0.0 0.0 0.0 0.0 0.0 0.0 
0.0 0.0 0.0 0.0 0.0 0.0 
0.0 0.0 0.0 0.0 0.0 0.0 
0.0 0.0 0.0 0.0 0.0 0.0 
0.0 0.0 0.0 0.0 0.0 0.0 
0.0 0.0 0.0 0.0 0.0 0.0 
0.0 0.0 0.0 0.0 0.0 0.0 
0.0 0.0 0.0 0.0 0.0 0.0 
0.0 0.0 0.0 0.0 0.0 0.0 
0.0 0.0 0.0 0.0 0.0 0.0 
0.0 0.0 0.0 0.0 0.0 0.0 
0.0 0.0 0.0 0.0 0.0 0.0 
0.0 0.0 0.0 0.0 0.0 0.0 
0.0 0.0 0.0 0.0 0.0 0.0 
0.0 0.0 0.0 0.0 0.0 0.0 
0.0 0.0 0.0 0.0 0.0 0.0 
0.0 0.0 0.0 0.0 0.0 0.0 
0.0 0.0 0.0 0.0 0.0 0.0 
0.0 0.0 0.0 0.0 0.0 0.0 
0.00000000	0.00000000	0.00000000	-0.13407365	1.44300883	0.00000000
0.00000000	0.00000000	0.00000000	-0.13460599	1.43275349	0.00000000
0.00000000	0.00000000	0.00000000	-0.13548569	1.41568856	0.00000000
0.00000000	0.00000000	0.00000000	-0.13669995	1.39185424	0.00000000
0.00000000	0.00000000	0.00000000	-0.13823225	1.36130853	0.00000000
0.00000000	0.00000000	0.00000000	-0.14006205	1.32412325	0.00000000
0.00000000	0.00000000	0.00000000	-0.14216506	1.28038740	0.00000000
0.00000000	0.00000000	0.00000000	-0.14451304	1.23020495	0.00000000
0.00000000	0.00000000	0.00000000	-0.14707566	1.17369580	0.00000000
0.00000000	0.00000000	0.00000000	-0.14981910	1.11099354	0.00000000
0.00000000	0.00000000	0.00000000	-0.15270984	1.04224809	0.00000000
0.00000000	0.00000000	0.00000000	-0.15571011	0.96762140	0.00000000
0.00000000	0.00000000	0.00000000	-0.15878414	0.88729100	0.00000000
0.00000000	0.00000000	0.00000000	-0.16189376	0.80144745	0.00000000
0.00000000	0.00000000	0.00000000	-0.16500188	0.71029346	0.00000000
0.00000000	0.00000000	0.00000000	-0.16807022	0.61404471	0.00000000
0.00000000	0.00000000	0.00000000	-0.17106149	0.51292841	0.00000000
0.00000000	0.00000000	0.00000000	-0.17393890	0.40718400	0.00000000
0.00000000	0.00000000	0.00000000	-0.17666651	0.29706077	0.00000000
0.00000000	0.00000000	0.00000000	-0.17920636	0.18281809	0.00000000
0.00000000	0.00000000	0.00000000	-0.18152376	0.06472612	0.00000000
0.00000000	0.00000000	0.00000000	0.16752644	0.09526405	0.00000000
0.00000000	0.00000000	0.00000000	0.14473779	0.21115953	0.00000000
0.00000000	0.00000000	0.00000000	0.12239849	0.32322557	0.00000000
0.00000000	0.00000000	0.00000000	0.10058961	0.43120213	0.00000000
0.00000000	0.00000000	0.00000000	0.07939360	0.53484039	0.00000000
0.00000000	0.00000000	0.00000000	0.05888911	0.63390107	0.00000000
0.00000000	0.00000000	0.00000000	0.03915397	0.72815479	0.00000000
0.00000000	0.00000000	0.00000000	0.02026434	0.81738422	0.00000000
0.00000000	0.00000000	0.00000000	0.00229538	0.90138363	0.00000000
0.00000000	0.00000000	0.00000000	-0.01468117	0.97995983	0.00000000
0.00000000	0.00000000	0.00000000	-0.03059465	1.05293178	0.00000000
0.00000000	0.00000000	0.00000000	-0.04537899	1.12013086	0.00000000
0.00000000	0.00000000	0.00000000	-0.05896889	1.18140414	0.00000000
0.00000000	0.00000000	0.00000000	-0.07130528	1.23660980	0.00000000
0.00000000	0.00000000	0.00000000	-0.08233169	1.28562214	0.00000000
0.00000000	0.00000000	0.00000000	-0.09199739	1.32832836	0.00000000
0.00000000	0.00000000	0.00000000	-0.10025655	1.36463098	0.00000000
0.00000000	0.00000000	0.00000000	-0.10706978	1.39444654	0.00000000
0.00000000	0.00000000	0.00000000	-0.11240438	1.41770792	0.00000000
0.00000000	0.00000000	0.00000000	-0.11623401	1.43436083	0.00000000
0.00000000	0.00000000	0.00000000	-0.11853908	1.44436792	0.00000000
0.00000000	0.00000000	0.00000000	0.18288944	0.01600192	0.00000000
0.00000000	0.00000000	0.00000000	-0.18288964	-0.01599960	0.00000000
0.00000000	0.00000000	0.00000000	-0.17713180	0.27613185	0.00000000
0.00000000	0.00000000	0.00000000	-0.13389528	1.44643007	0.00000000
0.00000000	0.00000000	0.00000000	-0.11930883	1.44770622	0.00000000
0.00000000	0.00000000	0.00000000	0.17520794	0.05563299	0.00000000
0.00000000	0.00000000	0.00000000	0.15234673	0.17246297	0.00000000
0.00000000	0.00000000	0.00000000	0.15980360	0.13453980	0.00000000
0.00000000	0.00000000	0.00000000	0.12985740	0.28580762	0.00000000
0.00000000	0.00000000	0.00000000	0.13716723	0.24913755	0.00000000
0.00000000	0.00000000	0.00000000	0.10791252	0.39494615	0.00000000
0.00000000	0.00000000	0.00000000	0.11506436	0.35953709	0.00000000
0.00000000	0.00000000	0.00000000	0.08652958	0.49994886	0.00000000
0.00000000	0.00000000	0.00000000	0.09353255	0.46570774	0.00000000
0.00000000	0.00000000	0.00000000	0.06578800	0.60057136	0.00000000
0.00000000	0.00000000	0.00000000	0.07256232	0.56784345	0.00000000
0.00000000	0.00000000	0.00000000	0.04605772	0.69518291	0.00000000
0.00000000	0.00000000	0.00000000	0.05282808	0.66284813	0.00000000
0.00000000	0.00000000	0.00000000	0.02970915	0.77276950	0.00000000
0.00000000	0.00000000	0.00000000	0.01127986	0.85938392	0.00000000
0.00000000	0.00000000	0.00000000	-0.00619289	0.94067173	0.00000000
0.00000000	0.00000000	0.00000000	-0.02263791	1.01644581	0.00000000
0.00000000	0.00000000	0.00000000	-0.03798682	1.08653132	0.00000000
0.00000000	0.00000000	0.00000000	-0.05217394	1.15076750	0.00000000
0.00000000	0.00000000	0.00000000	-0.06513709	1.20900697	0.00000000
0.00000000	0.00000000	0.00000000	-0.07681849	1.26111597	0.00000000
0.00000000	0.00000000	0.00000000	-0.10973708	1.40607723	0.00000000
0.00000000	0.00000000	0.00000000	-0.11439579	1.42636742	0.00000000
0.00000000	0.00000000	0.00000000	-0.00000010	0.00000116	0.00000000
0.00000000	0.00000000	0.00000000	0.09144467	0.00800154	0.00000000
0.00000000	0.00000000	0.00000000	0.13716705	0.01200173	0.00000000
0.00000000	0.00000000	0.00000000	0.04572228	0.00400135	0.00000000
0.00000000	0.00000000	0.00000000	-0.09144488	-0.00799922	0.00000000
0.00000000	0.00000000	0.00000000	-0.04572249	-0.00399903	0.00000000
0.00000000	0.00000000	0.00000000	-0.13716726	-0.01199941	0.00000000
0.00000000	0.00000000	0.00000000	-0.17845307	0.21670128	0.00000000
0.00000000	0.00000000	0.00000000	-0.17770965	0.25014056	0.00000000
0.00000000	0.00000000	0.00000000	-0.18075000	0.10415607	0.00000000
0.00000000	0.00000000	0.00000000	-0.17999171	0.14279797	0.00000000
0.00000000	0.00000000	0.00000000	-0.18220671	0.02436326	0.00000000
0.00000000	0.00000000	0.00000000	-0.13502825	1.42456231	0.00000000
0.00000000	0.00000000	0.00000000	-0.13609282	1.40377140	0.00000000
0.00000000	0.00000000	0.00000000	-0.14333905	1.25529618	0.00000000
0.00000000	0.00000000	0.00000000	-0.14579435	1.20195037	0.00000000
0.00000000	0.00000000	0.00000000	-0.14844738	1.14234467	0.00000000
0.00000000	0.00000000	0.00000000	-0.15126447	1.07662081	0.00000000
0.00000000	0.00000000	0.00000000	-0.15420997	1.00493474	0.00000000
0.00000000	0.00000000	0.00000000	-0.15724713	0.92745620	0.00000000
0.00000000	0.00000000	0.00000000	-0.16033895	0.84436922	0.00000000
0.00000000	0.00000000	0.00000000	-0.16344782	0.75587046	0.00000000
0.00000000	0.00000000	0.00000000	-0.16699685	0.64771449	0.00000000
0.00000000	0.00000000	0.00000000	-0.16594422	0.68073370	0.00000000
0.00000000	0.00000000	0.00000000	-0.17005505	0.54694975	0.00000000
0.00000000	0.00000000	0.00000000	-0.16906679	0.58035680	0.00000000
0.00000000	0.00000000	0.00000000	-0.17297017	0.44278460	0.00000000
0.00000000	0.00000000	0.00000000	-0.17201950	0.47772157	0.00000000
0.00000000	0.00000000	0.00000000	-0.17575064	0.33403755	0.00000000
0.00000000	0.00000000	0.00000000	-0.17485617	0.37015058	0.00000000
0.00000000	0.00000000	0.00000000	-0.12998784	1.44677193	0.00000000
0.00000000	0.00000000	0.00000000	-0.12628368	1.44709600	0.00000000
0.00000000	0.00000000	0.00000000	-0.12280015	1.44740077	0.00000000

