-2 	0.122393 	0.0041307 	4.59607e-05 	0.122348 	0.00412918 	4.59682e-05
-1.98 	0.122411 	0.00422843 	4.66484e-05 	0.122366 	0.00422688 	4.66576e-05
-1.96 	0.122429 	0.00432724 	4.74657e-05 	0.122384 	0.00432565 	4.74766e-05
-1.94 	0.122448 	0.00442458 	4.83683e-05 	0.122403 	0.00442296 	4.83806e-05
-1.92 	0.122467 	0.0045286 	4.88687e-05 	0.122423 	0.00452695 	4.88822e-05
-1.9 	0.122483 	0.00463316 	5.20812e-05 	0.122439 	0.00463148 	5.20948e-05
-1.88 	0.122499 	0.00473983 	5.52984e-05 	0.122455 	0.00473811 	5.53118e-05
-1.86 	0.122516 	0.00485113 	5.85262e-05 	0.122471 	0.00484935 	5.85385e-05
-1.84 	0.122532 	0.00496244 	6.17541e-05 	0.122487 	0.0049606 	6.17653e-05
-1.82 	0.122548 	0.00507655 	6.34711e-05 	0.122502 	0.00507466 	6.34826e-05
-1.8 	0.122559 	0.00519381 	6.29957e-05 	0.122513 	0.0051919 	6.30092e-05
-1.78 	0.12257 	0.00531107 	6.25202e-05 	0.122525 	0.00530913 	6.25357e-05
-1.76 	0.122582 	0.00543567 	6.31406e-05 	0.122537 	0.0054337 	6.3158e-05
-1.74 	0.122594 	0.0055606 	6.38104e-05 	0.12255 	0.0055586 	6.38298e-05
-1.72 	0.122602 	0.00568813 	6.82979e-05 	0.122557 	0.00568607 	6.8318e-05
-1.7 	0.12261 	0.00581997 	7.23824e-05 	0.122564 	0.00581784 	7.24037e-05
-1.68 	0.122619 	0.00595048 	7.70832e-05 	0.122573 	0.00594828 	7.71056e-05
-1.66 	0.122628 	0.00608651 	7.94396e-05 	0.122581 	0.00608425 	7.94633e-05
-1.64 	0.122632 	0.00622646 	7.94294e-05 	0.122586 	0.00622416 	7.9454e-05
-1.62 	0.122634 	0.0063679 	7.93978e-05 	0.122588 	0.00636557 	7.94228e-05
-1.6 	0.122639 	0.0065167 	8.28515e-05 	0.122593 	0.00651433 	8.28737e-05
-1.58 	0.122643 	0.0066655 	8.63052e-05 	0.122598 	0.0066631 	8.63247e-05
-1.56 	0.122645 	0.00681842 	9.05798e-05 	0.122599 	0.00681596 	9.05981e-05
-1.54 	0.122647 	0.00697334 	9.48099e-05 	0.122601 	0.00697081 	9.48279e-05
-1.52 	0.122649 	0.00712826 	9.904e-05 	0.122603 	0.00712565 	9.90578e-05
-1.5 	0.122653 	0.00729208 	0.000101193 	0.122607 	0.00728942 	0.000101214
-1.48 	0.122646 	0.00745964 	0.000101224 	0.122601 	0.00745697 	0.000101249
-1.46 	0.122639 	0.00763118 	0.000102389 	0.122594 	0.00762849 	0.000102416
-1.44 	0.122632 	0.00780775 	0.000104997 	0.122588 	0.00780503 	0.000105021
-1.42 	0.122623 	0.0079837 	0.000109769 	0.12258 	0.00798093 	0.00010979
-1.4 	0.122612 	0.00816776 	0.00011601 	0.122568 	0.00816491 	0.00011603
-1.38 	0.122601 	0.00835168 	0.000122488 	0.122557 	0.00834873 	0.000122508
-1.36 	0.122591 	0.0085385 	0.000127726 	0.122546 	0.00853546 	0.000127746
-1.34 	0.122567 	0.00873558 	0.000127232 	0.122522 	0.00873251 	0.000127256
-1.32 	0.122542 	0.00893277 	0.000126656 	0.122498 	0.00892968 	0.000126684
-1.3 	0.122519 	0.00913878 	0.000129041 	0.122476 	0.00913565 	0.00012907
-1.28 	0.122492 	0.00934433 	0.000136473 	0.122449 	0.00934114 	0.0001365
-1.26 	0.122462 	0.00955223 	0.000145343 	0.122419 	0.00954895 	0.000145367
-1.24 	0.122431 	0.009766 	0.000153144 	0.122387 	0.00976259 	0.000153163
-1.22 	0.12239 	0.00998329 	0.000156584 	0.122345 	0.00997977 	0.000156601
-1.2 	0.122341 	0.0102121 	0.00015621 	0.122297 	0.0102086 	0.000156231
-1.18 	0.122292 	0.0104428 	0.000155783 	0.122248 	0.0104391 	0.000155809
-1.16 	0.122241 	0.0106748 	0.000161262 	0.122198 	0.0106711 	0.000161289
-1.14 	0.122188 	0.0109121 	0.000172688 	0.122145 	0.0109084 	0.000172713
-1.12 	0.122135 	0.0111487 	0.000184078 	0.122093 	0.011145 	0.000184101
-1.1 	0.122067 	0.0113992 	0.000189226 	0.122025 	0.0113954 	0.00018925
-1.08 	0.12199 	0.0116556 	0.000190868 	0.121947 	0.0116516 	0.000190894
-1.06 	0.121912 	0.0119142 	0.000192827 	0.121869 	0.0119101 	0.000192856
-1.04 	0.121826 	0.0121793 	0.000206715 	0.121784 	0.0121752 	0.000206747
-1.02 	0.121739 	0.0124438 	0.000222931 	0.121698 	0.0124398 	0.000222965
-1 	0.12165 	0.0127153 	0.000237734 	0.121611 	0.0127114 	0.000237773
-0.98 	0.121541 	0.0129955 	0.000241217 	0.121503 	0.0129915 	0.000241264
-0.96 	0.121432 	0.0132757 	0.0002447 	0.121395 	0.0132716 	0.000244756
-0.94 	0.121314 	0.0135702 	0.0002521 	0.121277 	0.0135661 	0.000252167
-0.92 	0.121187 	0.0138648 	0.000265541 	0.121151 	0.0138607 	0.00026562
-0.9 	0.121061 	0.0141625 	0.000280983 	0.121026 	0.0141585 	0.000281074
-0.88 	0.120919 	0.0144639 	0.000313343 	0.120885 	0.0144598 	0.000313421
-0.86 	0.120776 	0.014765 	0.000346331 	0.120743 	0.014761 	0.000346394
-0.84 	0.120602 	0.0150786 	0.000363218 	0.120569 	0.0150745 	0.000363269
-0.82 	0.120398 	0.0154011 	0.000364433 	0.120365 	0.015397 	0.000364473
-0.8 	0.120191 	0.0157231 	0.000367792 	0.120157 	0.0157188 	0.000367822
-0.78 	0.13117 	0.017589 	0.000431553 	0.131133 	0.0175841 	0.000431578
-0.76 	0.144885 	0.0198317 	0.000504917 	0.144843 	0.019826 	0.000504939
-0.74 	0.144956 	0.0202135 	0.000557855 	0.144914 	0.0202077 	0.000557843
-0.72 	0.128347 	0.0183276 	0.000567137 	0.128311 	0.0183227 	0.000567063
-0.7 	0.118653 	0.0174054 	0.000587239 	0.11862 	0.0174008 	0.000587113
-0.68 	0.118188 	0.017764 	0.000623994 	0.118154 	0.0177593 	0.000623827
-0.66 	0.117668 	0.0181375 	0.000672532 	0.117633 	0.0181327 	0.000672328
-0.64 	0.117038 	0.0185232 	0.000746964 	0.117003 	0.0185182 	0.000746728
-0.62 	0.116407 	0.0189059 	0.00082215 	0.116372 	0.0189008 	0.000821872
-0.6 	0.115546 	0.019339 	0.00097031 	0.11551 	0.0193335 	0.000969691
-0.58 	0.114671 	0.0197793 	0.001123 	0.114633 	0.0197734 	0.00112202
-0.56 	0.113326 	0.0203183 	0.00133094 	0.113286 	0.0203122 	0.00132937
-0.54 	0.111933 	0.0208702 	0.00154632 	0.111891 	0.0208639 	0.00154414
-0.52 	0.110182 	0.0214519 	0.00163564 	0.110139 	0.0214453 	0.00163334
-0.5 	0.108383 	0.0220276 	0.00169977 	0.10834 	0.0220208 	0.00169744
-0.48 	0.106501 	0.0224922 	0.00157525 	0.106458 	0.0224855 	0.00157354
-0.46 	0.104575 	0.0229303 	0.00139074 	0.104533 	0.0229239 	0.00138984
-0.44 	0.102416 	0.0232586 	0.00110679 	0.102376 	0.0232526 	0.00110678
-0.42 	0.100234 	0.0235466 	0.000798982 	0.100196 	0.0235411 	0.00079987
-0.4 	0.0976809 	0.0238241 	0.00056728 	0.0976449 	0.0238187 	0.000568624
-0.3918 	0.096585 	0.0239364 	0.000482393 	0.0965498 	0.0239311 	0.000483866
-0.3837 	0.0955025 	0.0240474 	0.000398541 	0.095468 	0.0240421 	0.000400141
-0.3755 	0.094374 	0.024162 	0.00032319 	0.0943402 	0.0241567 	0.000324913
-0.3673 	0.0929535 	0.0242815 	0.000378075 	0.0929203 	0.0242758 	0.000379703
-0.3592 	0.0915837 	0.0243994 	0.000430742 	0.0915512 	0.0243933 	0.000432274
-0.351 	0.0901971 	0.0245187 	0.00048406 	0.0901652 	0.0245123 	0.000485494
-0.3429 	0.0888273 	0.0246366 	0.000536728 	0.0887961 	0.0246299 	0.000538064
-0.3347 	0.0873314 	0.024735 	0.000590984 	0.0873006 	0.0247279 	0.000592193
-0.3265 	0.0855256 	0.0247739 	0.000647905 	0.0854946 	0.0247664 	0.000648901
-0.3184 	0.0837418 	0.0248123 	0.000704132 	0.0837107 	0.0248044 	0.000704917
-0.3102 	0.081936 	0.0248512 	0.000761052 	0.0819047 	0.0248428 	0.000761625
-0.302 	0.0802116 	0.0248975 	0.000828812 	0.0801801 	0.0248888 	0.000829163
-0.2939 	0.0783157 	0.0248267 	0.00084947 	0.0782843 	0.0248177 	0.000849625
-0.2857 	0.0762282 	0.024658 	0.000831019 	0.0761974 	0.0246488 	0.000830995
-0.2776 	0.0741662 	0.0244915 	0.000812793 	0.0741359 	0.0244819 	0.000812591
-0.2694 	0.0720317 	0.0243129 	0.000787691 	0.072002 	0.0243031 	0.000787314
-0.2612 	0.0698801 	0.0241306 	0.000760173 	0.0698511 	0.0241206 	0.000759622
-0.2531 	0.0675726 	0.0237725 	0.000709107 	0.0675441 	0.0237624 	0.000708505
-0.2449 	0.0652874 	0.0234083 	0.000657812 	0.0652591 	0.0233982 	0.000657153
-0.2367 	0.0630021 	0.0230442 	0.000606517 	0.0629741 	0.023034 	0.000605801
-0.2286 	0.0607447 	0.0226845 	0.000555847 	0.060717 	0.0226742 	0.000555075
-0.2204 	0.0584583 	0.0222941 	0.000473972 	0.0584312 	0.0222839 	0.00047321
-0.2122 	0.0561685 	0.0218278 	0.000303482 	0.0561429 	0.0218179 	0.000302924
-0.2041 	0.0539066 	0.0213671 	0.000135072 	0.0538826 	0.0213576 	0.000134714
-0.1959 	0.0516624 	0.0209243 	-3.51192e-05 	0.0516396 	0.020915 	-3.52902e-05
-0.1878 	0.0494465 	0.0204874 	-0.000203229 	0.049425 	0.0204784 	-0.000203215
-0.1796 	0.047446 	0.0199609 	-0.000454626 	0.0474253 	0.0199521 	-0.000454384
-0.1714 	0.0455707 	0.0193909 	-0.000747951 	0.0455505 	0.0193824 	-0.000747459
-0.1633 	0.0437184 	0.0188279 	-0.0010377 	0.0436987 	0.0188197 	-0.00103696
-0.1551 	0.0418503 	0.0182615 	-0.00133212 	0.0418311 	0.0182536 	-0.00133114
-0.1469 	0.0400529 	0.0176918 	-0.00163588 	0.0400341 	0.0176842 	-0.0016346
-0.1388 	0.0387212 	0.0170146 	-0.00199082 	0.0387028 	0.0170078 	-0.00198887
-0.1306 	0.037373 	0.0163292 	-0.00235015 	0.0373551 	0.0163231 	-0.00234752
-0.1224 	0.0360249 	0.0156437 	-0.00270948 	0.0360074 	0.0156384 	-0.00270616
-0.1143 	0.0346932 	0.0149666 	-0.00306443 	0.0346761 	0.014962 	-0.00306044
-0.1061 	0.0335106 	0.0142901 	-0.00345144 	0.0334935 	0.0142862 	-0.00344681
-0.098 	0.0324664 	0.0136245 	-0.003859 	0.0324488 	0.0136209 	-0.00385375
-0.0898 	0.0314093 	0.0129506 	-0.00427158 	0.0313912 	0.0129475 	-0.0042657
-0.0816 	0.0303497 	0.0122754 	-0.00468496 	0.0303312 	0.0122726 	-0.00467845
-0.0735 	0.0293048 	0.011607 	-0.00509512 	0.0292858 	0.0116046 	-0.00508798
-0.0653 	0.0284329 	0.010936 	-0.00555222 	0.0284139 	0.0109343 	-0.0055444
-0.0571 	0.0275657 	0.010267 	-0.00600846 	0.0275467 	0.0102659 	-0.00599997
-0.049 	0.0267092 	0.00960626 	-0.00645914 	0.0266901 	0.00960571 	-0.00644999
-0.0408 	0.0258421 	0.00893732 	-0.00691538 	0.025823 	0.00893737 	-0.00690556
-0.0327 	0.0250316 	0.00820035 	-0.00732638 	0.0250123 	0.0082009 	-0.00731602
-0.0245 	0.024286 	0.00739636 	-0.00771819 	0.0242664 	0.00739722 	-0.00770741
-0.0163 	0.0235405 	0.00659236 	-0.00811 	0.0235205 	0.00659354 	-0.00809881
-0.0082 	0.022804 	0.00579818 	-0.00849703 	0.0227837 	0.00579966 	-0.00848543
0 	0.0220585 	0.00499418 	-0.00888884 	0.0220378 	0.00499598 	-0.00887683
0.0082 	0.0215119 	0.00405997 	-0.00900413 	0.0214913 	0.00406264 	-0.00899169
0.0163 	0.0209767 	0.0031489 	-0.00913204 	0.020956 	0.00315238 	-0.00911916
0.0245 	0.0204348 	0.00222659 	-0.00926153 	0.0204142 	0.00223089 	-0.0092482
0.0327 	0.0198929 	0.00130428 	-0.00939102 	0.0198723 	0.0013094 	-0.00937724
0.0408 	0.0196323 	0.000401984 	-0.00941044 	0.0196116 	0.000407699 	-0.00939638
0.049 	0.0196334 	-0.000483365 	-0.00932828 	0.0196124 	-0.000477309 	-0.00931405
0.0571 	0.0196345 	-0.00135792 	-0.00924713 	0.0196133 	-0.00135152 	-0.00923272
0.0653 	0.0196356 	-0.00224327 	-0.00916497 	0.0196141 	-0.00223653 	-0.00915039
0.0735 	0.0196367 	-0.00312862 	-0.00908282 	0.019615 	-0.00312154 	-0.00906806
0.0816 	0.0201896 	-0.00386028 	-0.00884862 	0.0201668 	-0.00385275 	-0.00883418
0.0898 	0.0207583 	-0.00459606 	-0.00860647 	0.0207346 	-0.00458808 	-0.00859236
0.098 	0.0213283 	-0.00533256 	-0.00836482 	0.0213036 	-0.00532413 	-0.00835105
0.1061 	0.0218913 	-0.00606008 	-0.00812612 	0.0218657 	-0.0060512 	-0.00811268
0.1143 	0.0225881 	-0.00673417 	-0.00777756 	0.0225616 	-0.00672499 	-0.00776464
0.1224 	0.0234541 	-0.00733375 	-0.00730442 	0.0234269 	-0.00732442 	-0.00729225
0.1306 	0.0243308 	-0.00794074 	-0.00682545 	0.0243029 	-0.00793125 	-0.00681403
0.1388 	0.0252075 	-0.00854772 	-0.00634647 	0.0251789 	-0.00853808 	-0.00633582
0.1469 	0.0260581 	-0.0091375 	-0.00585978 	0.0260289 	-0.00912777 	-0.00584988
0.1551 	0.0271684 	-0.00970306 	-0.00520824 	0.0271379 	-0.00969295 	-0.00519965
0.1633 	0.0283076 	-0.0102654 	-0.00453919 	0.0282758 	-0.0102549 	-0.00453199
0.1714 	0.0294329 	-0.0108209 	-0.00387831 	0.0293997 	-0.01081 	-0.00387246
0.1796 	0.0305595 	-0.0113656 	-0.00318536 	0.0305252 	-0.0113543 	-0.00318091
0.1878 	0.0317977 	-0.0118883 	-0.00247794 	0.0317624 	-0.0118768 	-0.00247486
0.1959 	0.0332388 	-0.0123684 	-0.00175939 	0.0332026 	-0.012357 	-0.00175755
0.2041 	0.0346955 	-0.0128525 	-0.00103056 	0.0346584 	-0.0128412 	-0.00102999
0.2122 	0.0361022 	-0.0133006 	-0.000289734 	0.0360646 	-0.0132895 	-0.000290438
0.2204 	0.0375264 	-0.0137543 	0.000460236 	0.0374882 	-0.0137433 	0.000458246
0.2286 	0.0392537 	-0.0141536 	0.00116076 	0.0392142 	-0.0141428 	0.00115716
0.2367 	0.0410378 	-0.0145207 	0.00183696 	0.0409969 	-0.0145099 	0.00183168
0.2449 	0.0427934 	-0.0148744 	0.00252368 	0.0427513 	-0.0148639 	0.0025167
0.2531 	0.044549 	-0.0152282 	0.00321039 	0.0445057 	-0.0152178 	0.00320173
0.2612 	0.0463229 	-0.0155757 	0.00387204 	0.0462785 	-0.0155655 	0.00386178
0.2694 	0.0483592 	-0.0159045 	0.00438299 	0.0483143 	-0.0158945 	0.0043718
0.2776 	0.0503667 	-0.0162292 	0.00488329 	0.0503215 	-0.0162195 	0.00487123
0.2857 	0.0523611 	-0.0165489 	0.00538366 	0.0523155 	-0.0165395 	0.00537073
0.2939 	0.0543683 	-0.0168713 	0.0058842 	0.0543223 	-0.0168622 	0.0058704
0.302 	0.0564168 	-0.0171676 	0.00615577 	0.0563699 	-0.0171586 	0.00614163
0.3102 	0.058688 	-0.0174528 	0.0062118 	0.0586392 	-0.0174437 	0.00619776
0.3184 	0.0609592 	-0.017738 	0.00626784 	0.0609086 	-0.0177288 	0.00625389
0.3265 	0.0631531 	-0.0180077 	0.00626815 	0.0631009 	-0.0179983 	0.00625448
0.3347 	0.0653406 	-0.0182726 	0.00623123 	0.0652869 	-0.018263 	0.00621797
0.3429 	0.067823 	-0.0184467 	0.00589162 	0.0677686 	-0.0184373 	0.00587953
0.351 	0.0703692 	-0.0185836 	0.00544487 	0.0703146 	-0.0185745 	0.00543421
0.3592 	0.0728877 	-0.0186983 	0.00495166 	0.0728331 	-0.0186894 	0.00494251
0.3673 	0.0753755 	-0.0188116 	0.00446447 	0.0753209 	-0.0188029 	0.00445681
0.3755 	0.077894 	-0.0189263 	0.00397126 	0.0778395 	-0.0189179 	0.00396511
0.3837 	0.0804827 	-0.0189459 	0.00345495 	0.0804272 	-0.0189376 	0.00345058
0.3918 	0.0830316 	-0.0189619 	0.00294535 	0.0829751 	-0.0189537 	0.00294275
0.4 	0.085612 	-0.0189781 	0.00242947 	0.0855545 	-0.0189701 	0.00242864
0.42 	0.0915864 	-0.0189936 	0.00137113 	0.0915281 	-0.018986 	0.00137367
0.44 	0.0970112 	-0.0189634 	0.000721766 	0.0969562 	-0.018956 	0.00072574
0.46 	0.101858 	-0.0188942 	0.000259471 	0.101807 	-0.0188872 	0.000264252
0.48 	0.105477 	-0.018704 	0.000191502 	0.105431 	-0.0186975 	0.000195964
0.5 	0.108533 	-0.0184927 	0.000254783 	0.108491 	-0.0184866 	0.000258707
0.52 	0.11039 	-0.0182166 	0.000607207 	0.110355 	-0.0182109 	0.000610219
0.54 	0.111893 	-0.0179452 	0.000977608 	0.111862 	-0.0179398 	0.000979725
0.56 	0.112862 	-0.0176575 	0.00128025 	0.11283 	-0.017652 	0.00128143
0.58 	0.113805 	-0.0173838 	0.00151695 	0.113773 	-0.0173782 	0.00151732
0.6 	0.114755 	-0.0170867 	0.00156781 	0.114721 	-0.0170811 	0.0015676
0.62 	0.115727 	-0.0168058 	0.00159404 	0.11569 	-0.0168001 	0.00159329
0.64 	0.116613 	-0.016518 	0.00160137 	0.116574 	-0.0165123 	0.00160021
0.66 	0.11743 	-0.0162549 	0.00160188 	0.11739 	-0.0162492 	0.00160043
0.68 	0.118024 	-0.0159905 	0.00157269 	0.117985 	-0.0159849 	0.00157125
0.7 	0.118529 	-0.0157313 	0.00152473 	0.11849 	-0.0157258 	0.00152341
0.72 	0.118907 	-0.0154822 	0.00140985 	0.118868 	-0.0154767 	0.00140879
0.74 	0.119217 	-0.0152392 	0.00124743 	0.119177 	-0.0152336 	0.00124664
0.76 	0.119531 	-0.0149946 	0.00109132 	0.119491 	-0.0149891 	0.00109074
0.78 	0.119854 	-0.0147291 	0.000966476 	0.119813 	-0.0147235 	0.000965976
0.8 	0.120171 	-0.0144689 	0.000867649 	0.12013 	-0.0144634 	0.000867182
0.82 	0.120458 	-0.0141965 	0.000843256 	0.120416 	-0.014191 	0.000842812
0.84 	0.120704 	-0.0139415 	0.000822827 	0.120661 	-0.0139361 	0.000822412
0.86 	0.12089 	-0.013698 	0.000785421 	0.120847 	-0.0136927 	0.000785034
0.88 	0.121026 	-0.0134644 	0.000730227 	0.120984 	-0.0134592 	0.000729861
0.9 	0.121138 	-0.0132492 	0.000668472 	0.121096 	-0.0132441 	0.000668114
0.92 	0.121248 	-0.0130197 	0.000630863 	0.121204 	-0.0130146 	0.00063051
0.94 	0.121366 	-0.0127967 	0.00060142 	0.121321 	-0.0127916 	0.000601066
0.96 	0.121489 	-0.01257 	0.000581219 	0.121442 	-0.0125648 	0.000580861
0.98 	0.121622 	-0.0123356 	0.000564247 	0.121574 	-0.0123304 	0.00056389
1 	0.121739 	-0.0121229 	0.000536675 	0.121691 	-0.0121176 	0.000536329
1.02 	0.121831 	-0.0119137 	0.000502195 	0.121781 	-0.0119085 	0.000501879
1.04 	0.121917 	-0.0117103 	0.000469389 	0.121867 	-0.0117052 	0.000469102
1.06 	0.121995 	-0.0115134 	0.0004455 	0.121945 	-0.0115084 	0.000445232
1.08 	0.122073 	-0.0113067 	0.000436152 	0.122023 	-0.0113018 	0.000435893
1.1 	0.122151 	-0.0111066 	0.000425089 	0.122101 	-0.0111018 	0.000424835
1.12 	0.122223 	-0.0109091 	0.000408246 	0.122173 	-0.0109044 	0.000407997
1.14 	0.122291 	-0.0107107 	0.000382804 	0.122239 	-0.010706 	0.000382565
1.16 	0.122347 	-0.0105281 	0.000357429 	0.122294 	-0.0105233 	0.000357206
1.18 	0.122402 	-0.0103435 	0.000340749 	0.122349 	-0.0103388 	0.000340535
1.2 	0.122455 	-0.0101569 	0.000332917 	0.122401 	-0.0101522 	0.000332706
1.22 	0.122508 	-0.00997663 	0.000327272 	0.122454 	-0.009972 	0.000327067
1.24 	0.122562 	-0.00979681 	0.000316247 	0.122508 	-0.00979231 	0.000316053
1.26 	0.122608 	-0.00961893 	0.00029943 	0.122555 	-0.00961459 	0.000299251
1.28 	0.122655 	-0.00944592 	0.000281022 	0.122604 	-0.00944174 	0.000280856
1.3 	0.122694 	-0.00928141 	0.000262079 	0.122642 	-0.00927731 	0.000261921
1.32 	0.122724 	-0.00911435 	0.000250587 	0.122672 	-0.00911028 	0.000250429
1.34 	0.122757 	-0.00894927 	0.000241565 	0.122704 	-0.00894521 	0.000241406
1.36 	0.122786 	-0.0087907 	0.00023656 	0.122732 	-0.00878666 	0.0002364
1.38 	0.122813 	-0.00862724 	0.000228094 	0.122759 	-0.00862332 	0.000227942
1.4 	0.122839 	-0.00846871 	0.000217755 	0.122786 	-0.00846493 	0.000217614
1.42 	0.12286 	-0.00831738 	0.000204819 	0.122809 	-0.00831375 	0.00020469
1.44 	0.122878 	-0.00816734 	0.000194359 	0.122826 	-0.00816379 	0.00019424
1.46 	0.122888 	-0.00801879 	0.00018646 	0.122837 	-0.00801528 	0.000186347
1.48 	0.1229 	-0.0078738 	0.000179965 	0.122848 	-0.00787032 	0.000179857
1.5 	0.12291 	-0.00773445 	0.00017445 	0.122858 	-0.00773099 	0.000174343
1.52 	0.122918 	-0.00758959 	0.000167192 	0.122866 	-0.00758622 	0.000167091
1.54 	0.12293 	-0.0074468 	0.000159744 	0.122878 	-0.00744353 	0.000159649
1.56 	0.122937 	-0.00731344 	0.000151569 	0.122886 	-0.00731029 	0.000151481
1.58 	0.122943 	-0.00718177 	0.000144244 	0.122893 	-0.00717873 	0.000144162
1.6 	0.122946 	-0.00704958 	0.000139045 	0.122897 	-0.00704663 	0.000138966
1.62 	0.122945 	-0.00692299 	0.000134428 	0.122895 	-0.00692007 	0.00013435
1.64 	0.122947 	-0.00679707 	0.000128889 	0.122897 	-0.00679418 	0.000128813
1.66 	0.122945 	-0.00667354 	0.000123713 	0.122895 	-0.00667067 	0.000123641
1.68 	0.122941 	-0.00654918 	0.000117916 	0.122891 	-0.0065464 	0.000117851
1.7 	0.122939 	-0.00642614 	0.000113288 	0.12289 	-0.00642345 	0.000113228
1.72 	0.122931 	-0.00631151 	0.000108153 	0.122882 	-0.00630892 	0.000108099
1.74 	0.122926 	-0.00619829 	0.000102423 	0.122878 	-0.00619579 	0.000102374
1.76 	0.122917 	-0.00608269 	9.74993e-05 	0.122869 	-0.00608025 	9.74515e-05
1.78 	0.122904 	-0.005972 	9.38781e-05 	0.122857 	-0.00596961 	9.38313e-05
1.8 	0.122896 	-0.00586143 	9.02726e-05 	0.122849 	-0.00585908 	9.02271e-05
1.82 	0.122884 	-0.00575598 	8.86584e-05 	0.122837 	-0.00575367 	8.86143e-05
1.84 	0.122871 	-0.00564981 	8.60043e-05 	0.122825 	-0.00564754 	8.59628e-05
1.86 	0.122859 	-0.00554387 	8.28037e-05 	0.122813 	-0.00554167 	8.2765e-05
1.88 	0.122842 	-0.00544413 	7.82858e-05 	0.122796 	-0.00544199 	7.82498e-05
1.9 	0.122828 	-0.00534448 	7.34428e-05 	0.122782 	-0.0053424 	7.34093e-05
1.92 	0.122812 	-0.0052507 	6.82878e-05 	0.122766 	-0.00524869 	6.82555e-05
1.94 	0.122792 	-0.00515327 	6.54307e-05 	0.122747 	-0.0051513 	6.53975e-05
1.96 	0.122776 	-0.00505779 	6.39709e-05 	0.122731 	-0.00505585 	6.39368e-05
1.98 	0.122758 	-0.00496536 	6.28074e-05 	0.122713 	-0.00496346 	6.27726e-05
2 	0.12274 	-0.00487509 	6.19684e-05 	0.122695 	-0.00487323 	6.1933e-05
