-1 	0.125086 	0.0134723 	0.000206584 	0.125007 	0.0134642 	0.000206604
-0.979798 	0.125067 	0.0138191 	0.000198585 	0.124989 	0.0138109 	0.000198631
-0.959596 	0.125041 	0.0141732 	0.000207562 	0.124963 	0.0141647 	0.000207618
-0.939394 	0.125014 	0.0145346 	0.000226088 	0.124935 	0.0145258 	0.000226144
-0.919192 	0.124979 	0.0149019 	0.000241561 	0.1249 	0.0148928 	0.000241617
-0.89899 	0.124934 	0.0152849 	0.00024394 	0.124855 	0.0152755 	0.000244009
-0.878788 	0.124889 	0.0156729 	0.000245479 	0.124809 	0.0156632 	0.000245562
-0.858586 	0.124818 	0.0160735 	0.000262265 	0.124738 	0.0160635 	0.000262331
-0.838384 	0.124747 	0.0164763 	0.000280236 	0.124665 	0.016466 	0.000280278
-0.818182 	0.124625 	0.016893 	0.000284635 	0.124542 	0.0168821 	0.000284661
-0.79798 	0.124495 	0.0173128 	0.000286021 	0.12441 	0.0173012 	0.000286032
-0.777778 	0.124321 	0.0177525 	0.000280064 	0.124235 	0.0177405 	0.000280089
-0.757576 	0.12413 	0.0182001 	0.000271874 	0.124042 	0.0181877 	0.000271927
-0.737374 	0.123918 	0.0186504 	0.000301677 	0.123829 	0.0186375 	0.000301719
-0.717172 	0.123691 	0.0191 	0.000355849 	0.123602 	0.0190866 	0.000355857
-0.69697 	0.123426 	0.0195549 	0.000409625 	0.123334 	0.0195409 	0.000409602
-0.676768 	0.12313 	0.0200137 	0.000462387 	0.123035 	0.019999 	0.000462336
-0.656566 	0.122731 	0.0205 	0.000526138 	0.122633 	0.0204846 	0.000525988
-0.636364 	0.122251 	0.021009 	0.000598343 	0.122151 	0.0209928 	0.000598042
-0.616162 	0.12159 	0.0215512 	0.00068393 	0.121486 	0.0215342 	0.000683507
-0.59596 	0.120803 	0.022119 	0.000781234 	0.120695 	0.0221013 	0.000780699
-0.575758 	0.119734 	0.022747 	0.000961892 	0.119623 	0.0227283 	0.000960929
-0.555556 	0.118505 	0.0234159 	0.00118955 	0.11839 	0.0233959 	0.001188
-0.535354 	0.116931 	0.0241268 	0.00156108 	0.116813 	0.0241058 	0.00155851
-0.515152 	0.115223 	0.0248337 	0.00195559 	0.115102 	0.0248117 	0.00195188
-0.494949 	0.113174 	0.0255132 	0.00239212 	0.113052 	0.0254901 	0.00238681
-0.474747 	0.110955 	0.0261831 	0.00275564 	0.110832 	0.026159 	0.00274891
-0.454545 	0.108352 	0.0268125 	0.00298322 	0.108229 	0.0267876 	0.00297542
-0.434343 	0.105354 	0.0273615 	0.00300921 	0.10523 	0.0273354 	0.00300106
-0.414141 	0.102049 	0.027845 	0.00292492 	0.101926 	0.0278172 	0.00291681
-0.393939 	0.0979077 	0.0281482 	0.00274169 	0.0977844 	0.0281185 	0.00273417
-0.373737 	0.0934796 	0.0284013 	0.00253431 	0.0933569 	0.0283696 	0.00252751
-0.353535 	0.0879798 	0.0285144 	0.00228618 	0.0878606 	0.0284803 	0.00228024
-0.333333 	0.0811486 	0.0283745 	0.00196352 	0.0810344 	0.0283383 	0.00195838
-0.313131 	0.0738314 	0.0281489 	0.00160738 	0.073722 	0.0281106 	0.001603
-0.292929 	0.0650085 	0.0273527 	0.00120882 	0.0649129 	0.0273138 	0.00120562
-0.272727 	0.0559009 	0.026262 	0.00081983 	0.0558198 	0.0262233 	0.00081785
-0.252525 	0.0467406 	0.0248995 	0.000430896 	0.046673 	0.0248618 	0.000430103
-0.232323 	0.0382702 	0.0234159 	0.000344742 	0.0382187 	0.0233802 	0.000344695
-0.212121 	0.030243 	0.021923 	0.000368936 	0.0302066 	0.0218897 	0.00036941
-0.191919 	0.0232131 	0.020517 	0.000543621 	0.0231866 	0.0204859 	0.000544185
-0.171717 	0.0171364 	0.0192062 	0.000268528 	0.0171196 	0.0191772 	0.000270018
-0.151515 	0.0115799 	0.0178982 	-0.00029639 	0.0115724 	0.0178713 	-0.000293525
-0.131313 	0.00672912 	0.0166157 	-0.00162228 	0.00672833 	0.01659 	-0.00161687
-0.111111 	0.00209626 	0.0153169 	-0.00310879 	0.00210425 	0.0152931 	-0.00310007
-0.0909091 	-0.00231621 	0.0140042 	-0.00470909 	-0.00229834 	0.0139827 	-0.00469651
-0.0707071 	-0.00613192 	0.0126379 	-0.00587822 	-0.00610611 	0.0126188 	-0.00586309
-0.0505051 	-0.00956624 	0.011073 	-0.00684898 	-0.00953215 	0.0110576 	-0.00683131
-0.030303 	-0.0126919 	0.00934205 	-0.00762812 	-0.0126492 	0.00933128 	-0.00760798
-0.010101 	-0.0153049 	0.00701259 	-0.00791574 	-0.0152566 	0.00700659 	-0.00789423
0.010101 	-0.0172245 	0.00444865 	-0.00778656 	-0.0171726 	0.00444845 	-0.00776479
0.030303 	-0.018459 	0.00164897 	-0.00723679 	-0.0184051 	0.00165557 	-0.00721588
0.0505051 	-0.0177092 	-0.00110187 	-0.00661695 	-0.0176584 	-0.00109025 	-0.00659773
0.0707071 	-0.0162615 	-0.00364561 	-0.00597841 	-0.0162158 	-0.00362911 	-0.00596105
0.0909091 	-0.014032 	-0.00594433 	-0.00532387 	-0.0139932 	-0.00592303 	-0.00530855
0.111111 	-0.0110993 	-0.00785227 	-0.0042676 	-0.0110677 	-0.00782781 	-0.00425474
0.131313 	-0.00794971 	-0.00961035 	-0.00315853 	-0.0079267 	-0.00958295 	-0.00314844
0.151515 	-0.00450009 	-0.011209 	-0.00194753 	-0.00448777 	-0.0111786 	-0.00194074
0.171717 	-0.000439299 	-0.0126311 	-0.000652319 	-0.000437465 	-0.0125991 	-0.000648446
0.191919 	0.00402994 	-0.0139869 	0.000615244 	0.0040202 	-0.0139534 	0.000616222
0.212121 	0.00921771 	-0.0152582 	0.00173665 	0.00919356 	-0.0152231 	0.00173452
0.232323 	0.0151704 	-0.0164267 	0.00253228 	0.0151336 	-0.016391 	0.00252794
0.252525 	0.0215125 	-0.0175642 	0.00324305 	0.0214634 	-0.017528 	0.00323642
0.272727 	0.0284321 	-0.0186635 	0.00379964 	0.028368 	-0.0186262 	0.00378992
0.292929 	0.0358403 	-0.0197693 	0.00429208 	0.0357634 	-0.0197312 	0.00427992
0.313131 	0.0435542 	-0.0208511 	0.0047056 	0.0434658 	-0.0208122 	0.00469158
0.333333 	0.0522813 	-0.0217725 	0.0046387 	0.0521743 	-0.0217322 	0.00462458
0.353535 	0.0613571 	-0.0225535 	0.00424768 	0.0612348 	-0.0225127 	0.00423488
0.373737 	0.0709064 	-0.0230906 	0.0034713 	0.0707738 	-0.0230504 	0.00346143
0.393939 	0.0806086 	-0.0233727 	0.00259295 	0.0804641 	-0.023334 	0.00258742
0.414141 	0.0899626 	-0.0234967 	0.00169219 	0.0898085 	-0.0234598 	0.00169131
0.434343 	0.0983784 	-0.0233998 	0.000923225 	0.0982247 	-0.0233652 	0.000925544
0.454545 	0.105647 	-0.0231724 	0.000304932 	0.105496 	-0.0231404 	0.000309444
0.474747 	0.111198 	-0.0227831 	8.05112e-06 	0.111051 	-0.0227541 	1.31109e-05
0.494949 	0.115179 	-0.0222938 	6.13074e-05 	0.115039 	-0.0222678 	6.55343e-05
0.515152 	0.117903 	-0.0217793 	0.00037234 	0.117774 	-0.021756 	0.000374965
0.535354 	0.119322 	-0.0212404 	0.000781766 	0.119199 	-0.0212197 	0.000782446
0.555556 	0.120354 	-0.0207172 	0.00117308 	0.120236 	-0.0206985 	0.00117195
0.575758 	0.12097 	-0.0201922 	0.00139842 	0.120855 	-0.0201749 	0.00139611
0.59596 	0.121579 	-0.0196678 	0.00155128 	0.121465 	-0.0196515 	0.00154799
0.616162 	0.122171 	-0.0191508 	0.00157588 	0.122057 	-0.0191353 	0.00157211
0.636364 	0.122751 	-0.0186548 	0.0015613 	0.122638 	-0.0186401 	0.0015574
0.656566 	0.123238 	-0.0181896 	0.00149541 	0.123129 	-0.0181753 	0.00149188
0.676768 	0.123631 	-0.0177697 	0.00138313 	0.123524 	-0.0177559 	0.00138015
0.69697 	0.123925 	-0.0173885 	0.00120949 	0.123819 	-0.0173751 	0.00120725
0.717172 	0.124228 	-0.0170315 	0.00103594 	0.124124 	-0.0170184 	0.00103427
0.737374 	0.12456 	-0.016682 	0.00089201 	0.124457 	-0.0166691 	0.000890705
0.757576 	0.124875 	-0.01634 	0.000808213 	0.124773 	-0.0163274 	0.000807148
0.777778 	0.125139 	-0.0159987 	0.00078287 	0.12504 	-0.0159864 	0.000781952
0.79798 	0.125306 	-0.0156827 	0.000759823 	0.125209 	-0.0156707 	0.000759007
0.818182 	0.125355 	-0.0153921 	0.000721105 	0.12526 	-0.0153801 	0.000720361
0.838384 	0.125373 	-0.0151151 	0.000678984 	0.125279 	-0.0151033 	0.000678289
0.858586 	0.125366 	-0.0148316 	0.000656047 	0.125272 	-0.01482 	0.000655377
0.878788 	0.125375 	-0.0145523 	0.000640333 	0.125281 	-0.0145412 	0.00063968
0.89899 	0.1254 	-0.0142608 	0.000626491 	0.125308 	-0.0142501 	0.000625874
0.919192 	0.125432 	-0.0139756 	0.000606094 	0.125341 	-0.0139652 	0.000605514
0.939394 	0.125453 	-0.0136939 	0.000578143 	0.125363 	-0.0136837 	0.000577593
0.959596 	0.125464 	-0.0134248 	0.00055014 	0.125373 	-0.0134148 	0.00054961
0.979798 	0.125475 	-0.0131626 	0.0005266 	0.125384 	-0.0131527 	0.000526078
1 	0.125479 	-0.0128957 	0.000510935 	0.125387 	-0.012886 	0.000510425
