-0.5 	1.00785 	1.0071
-0.5 	1.00785 	1.0071
-0.496078 	1.00722 	1.00669
-0.492157 	1.00677 	1.00629
-0.488235 	1.0063 	1.00588
-0.484314 	1.00583 	1.00547
-0.480392 	1.00538 	1.00506
-0.476471 	1.00489 	1.00466
-0.472549 	1.00447 	1.00427
-0.468627 	1.00408 	1.00388
-0.464706 	1.00364 	1.00349
-0.460784 	1.00322 	1.0031
-0.456863 	1.00285 	1.00272
-0.452941 	1.00245 	1.00234
-0.44902 	1.00199 	1.00196
-0.445098 	1.00156 	1.00158
-0.441176 	1.00116 	1.0012
-0.437255 	1.00076 	1.00083
-0.433333 	1.00037 	1.00047
-0.429412 	0.999994 	1.00011
-0.42549 	0.999625 	0.999756
-0.421569 	0.999259 	0.999406
-0.417647 	0.998883 	0.999057
-0.413725 	0.99851 	0.998711
-0.409804 	0.99814 	0.998369
-0.405882 	0.997775 	0.998029
-0.401961 	0.997417 	0.997693
-0.398039 	0.997069 	0.997359
-0.394118 	0.996726 	0.997029
-0.390196 	0.996382 	0.996703
-0.386275 	0.996041 	0.996381
-0.382353 	0.9957 	0.996061
-0.378431 	0.995361 	0.995745
-0.37451 	0.995028 	0.995432
-0.370588 	0.994696 	0.995122
-0.366667 	0.994365 	0.994816
-0.362745 	0.994035 	0.994512
-0.358824 	0.993711 	0.994214
-0.354902 	0.99339 	0.993918
-0.35098 	0.993076 	0.993626
-0.347059 	0.992767 	0.993337
-0.343137 	0.992461 	0.993051
-0.339216 	0.992159 	0.992769
-0.335294 	0.991859 	0.992488
-0.331373 	0.991565 	0.992215
-0.327451 	0.991271 	0.991943
-0.323529 	0.990983 	0.991676
-0.319608 	0.990697 	0.991411
-0.315686 	0.990413 	0.991149
-0.311765 	0.990133 	0.990892
-0.307843 	0.989852 	0.990635
-0.303922 	0.989579 	0.990386
-0.3 	0.989307 	0.990138
-0.296078 	0.989039 	0.989894
-0.292157 	0.988776 	0.989655
-0.288235 	0.988513 	0.989416
-0.284314 	0.988257 	0.989186
-0.280392 	0.988 	0.988955
-0.276471 	0.987748 	0.988727
-0.272549 	0.987504 	0.988506
-0.268627 	0.987259 	0.988284
-0.264706 	0.987023 	0.98807
-0.260784 	0.986789 	0.987858
-0.256863 	0.986555 	0.987647
-0.252941 	0.986329 	0.987444
-0.24902 	0.986101 	0.987241
-0.245098 	0.985877 	0.987042
-0.241176 	0.985661 	0.986849
-0.237255 	0.985445 	0.986656
-0.233333 	0.985235 	0.986469
-0.229412 	0.985029 	0.986287
-0.22549 	0.984822 	0.986103
-0.221569 	0.984625 	0.985929
-0.217647 	0.984429 	0.985755
-0.213725 	0.984231 	0.98558
-0.209804 	0.984047 	0.985418
-0.205882 	0.98386 	0.985255
-0.201961 	0.983675 	0.985092
-0.198039 	0.983498 	0.984941
-0.194118 	0.983319 	0.984787
-0.190196 	0.983143 	0.984637
-0.186275 	0.982976 	0.984495
-0.182353 	0.982807 	0.984352
-0.178431 	0.982641 	0.984213
-0.17451 	0.982483 	0.984082
-0.170588 	0.982323 	0.983949
-0.166667 	0.982167 	0.983822
-0.162745 	0.982018 	0.983701
-0.158824 	0.981866 	0.983578
-0.154902 	0.981721 	0.983462
-0.15098 	0.981582 	0.983352
-0.147059 	0.981442 	0.98324
-0.143137 	0.981308 	0.983135
-0.139216 	0.981179 	0.983036
-0.135294 	0.981049 	0.982935
-0.131373 	0.980924 	0.98284
-0.127451 	0.980804 	0.982752
-0.123529 	0.980682 	0.982661
-0.119608 	0.980565 	0.982577
-0.115686 	0.980454 	0.9825
-0.111765 	0.980341 	0.982422
-0.107843 	0.980233 	0.982349
-0.103922 	0.980133 	0.982283
-0.1 	0.980031 	0.982215
-0.0960784 	0.979935 	0.982152
-0.0921569 	0.979848 	0.982098
-0.0882353 	0.97976 	0.982042
-0.0843137 	0.979675 	0.981989
-0.0803922 	0.9796 	0.981947
-0.0764706 	0.979523 	0.981903
-0.072549 	0.979447 	0.98186
-0.0686275 	0.979381 	0.981829
-0.0647059 	0.979313 	0.981795
-0.0607843 	0.979245 	0.981762
-0.0568627 	0.97919 	0.981743
-0.0529412 	0.979134 	0.981722
-0.0490196 	0.979076 	0.9817
-0.045098 	0.979033 	0.981692
-0.0411765 	0.978988 	0.981683
-0.0372549 	0.978942 	0.981672
-0.0333333 	0.978908 	0.981674
-0.0294118 	0.978873 	0.981676
-0.0254902 	0.978837 	0.981676
-0.0215686 	0.978812 	0.981688
-0.0176471 	0.97879 	0.981704
-0.0137255 	0.978766 	0.981717
-0.00980392 	0.978749 	0.981739
-0.00588235 	0.978736 	0.981766
-0.00196078 	0.978721 	0.981791
0.00196078 	0.978713 	0.981823
0.00588235 	0.978712 	0.981863
0.00980392 	0.978709 	0.9819
0.0137255 	0.97871 	0.981942
0.0176471 	0.978721 	0.981994
0.0215686 	0.978729 	0.982043
0.0254902 	0.97874 	0.982095
0.0294118 	0.978762 	0.982159
0.0333333 	0.978782 	0.982222
0.0372549 	0.978802 	0.982285
0.0411765 	0.978836 	0.982362
0.045098 	0.978868 	0.982438
0.0490196 	0.978897 	0.982511
0.0529412 	0.97894 	0.9826
0.0568627 	0.978981 	0.982687
0.0607843 	0.97902 	0.982773
0.0647059 	0.979072 	0.982873
0.0686275 	0.979124 	0.982974
0.072549 	0.979174 	0.983074
0.0764706 	0.979235 	0.983185
0.0803922 	0.979297 	0.983299
0.0843137 	0.979357 	0.983411
0.0882353 	0.979426 	0.983534
0.0921569 	0.979498 	0.98366
0.0960784 	0.979569 	0.983785
0.1 	0.979647 	0.98392
0.103922 	0.979729 	0.984061
0.107843 	0.97981 	0.9842
0.111765 	0.979896 	0.984348
0.115686 	0.979986 	0.984501
0.119608 	0.980075 	0.984654
0.123529 	0.980169 	0.984814
0.127451 	0.980267 	0.984982
0.131373 	0.980364 	0.985148
0.135294 	0.980467 	0.985323
0.139216 	0.980575 	0.985505
0.143137 	0.980681 	0.985686
0.147059 	0.980793 	0.985875
0.15098 	0.980911 	0.986071
0.154902 	0.981028 	0.986266
0.158824 	0.98115 	0.986469
0.162745 	0.981279 	0.986679
0.166667 	0.981406 	0.986889
0.170588 	0.981541 	0.987108
0.17451 	0.981681 	0.987334
0.178431 	0.981821 	0.987559
0.182353 	0.981968 	0.987793
0.186275 	0.982119 	0.988032
0.190196 	0.982269 	0.988271
0.194118 	0.98243 	0.98852
0.198039 	0.982595 	0.988773
0.201961 	0.98276 	0.989026
0.205882 	0.98294 	0.989289
0.209804 	0.983122 	0.989554
0.213725 	0.983304 	0.989819
0.217647 	0.983502 	0.990091
0.221569 	0.983699 	0.990363
0.22549 	0.983899 	0.990636
0.229412 	0.984114 	0.990914
0.233333 	0.984328 	0.991191
0.237255 	0.984549 	0.991468
0.241176 	0.984782 	0.991741
0.245098 	0.985015 	0.992015
0.24902 	0.985258 	0.992279
0.252941 	0.985506 	0.992538
0.256863 	0.985755 	0.992798
0.260784 	0.986021 	0.993039
0.264706 	0.986287 	0.993279
0.268627 	0.986559 	0.993514
0.272549 	0.986842 	0.993732
0.276471 	0.987126 	0.99395
0.280392 	0.98742 	0.994154
0.284314 	0.987719 	0.99435
0.288235 	0.988021 	0.994546
0.292157 	0.988338 	0.994721
0.296078 	0.988655 	0.994897
0.3 	0.988979 	0.995062
0.303922 	0.989307 	0.995217
0.307843 	0.989637 	0.995371
0.311765 	0.989968 	0.995505
0.315686 	0.990301 	0.99564
0.319608 	0.990635 	0.995762
0.323529 	0.990971 	0.995876
0.327451 	0.991297 	0.995985
0.331373 	0.991584 	0.996074
0.335294 	0.991872 	0.996163
0.339216 	0.992061 	0.996231
0.343137 	0.992237 	0.996296
0.347059 	0.99236 	0.996348
0.35098 	0.992444 	0.99639
0.354902 	0.992511 	0.996425
0.358824 	0.992546 	0.996445
0.362745 	0.992586 	0.996461
0.366667 	0.992651 	0.996462
0.370588 	0.992718 	0.996462
0.37451 	0.992797 	0.996455
0.378431 	0.992878 	0.996448
0.382353 	0.992915 	0.996438
0.386275 	0.99295 	0.996428
0.390196 	0.99299 	0.996416
0.394118 	0.993031 	0.996404
0.398039 	0.993088 	0.996384
0.401961 	0.993147 	0.996363
0.405882 	0.993214 	0.996334
0.409804 	0.993284 	0.9963
0.413725 	0.993359 	0.996256
0.417647 	0.99345 	0.996199
0.421569 	0.993557 	0.996127
0.42549 	0.993676 	0.99603
0.429412 	0.993796 	0.995922
0.433333 	0.993896 	0.995793
0.437255 	0.993987 	0.995664
0.441176 	0.994069 	0.995535
0.445098 	0.994097 	0.995433
0.44902 	0.994083 	0.995351
0.452941 	0.994041 	0.995286
0.456863 	0.993989 	0.995237
0.460784 	0.993974 	0.995186
0.464706 	0.993891 	0.995117
0.468627 	0.993656 	0.995018
0.472549 	0.993236 	0.994872
0.476471 	0.992641 	0.994651
0.480392 	0.991902 	0.994325
0.484314 	0.99108 	0.993856
0.488235 	0.990181 	0.993203
0.492157 	0.989223 	0.992393
0.496078 	0.988249 	0.99145
0.5 	0.988004 	0.990402
