-0.5 	1.00785 	1.0071	0
-0.5 	1.00785 	1.0071	7.18109572041618
-0.496078 	1.00722 	1.00669	10.1616228155286
-0.492157 	1.00677 	1.00629	12.4538568803552
-0.488235 	1.0063 	1.00588	14.3896659216897
-0.484314 	1.00583 	1.00547	16.0989987737045
-0.480392 	1.00538 	1.00506	17.6470589042619
-0.476471 	1.00489 	1.00466	19.0738775551209
-0.472549 	1.00447 	1.00427	20.4046002158788
-0.468627 	1.00408 	1.00388	21.6566587021984
-0.464706 	1.00364 	1.00349	22.8435999217109
-0.460784 	1.00322 	1.0031	23.9745548446174
-0.456863 	1.00285 	1.00272	25.0576631647434
-0.452941 	1.00245 	1.00234	26.0983818740214
-0.44902 	1.00199 	1.00196	27.102113509727
-0.445098 	1.00156 	1.00158	28.0726015271971
-0.441176 	1.00116 	1.0012	29.0129627658928
-0.437255 	1.00076 	1.00083	29.9265114312313
-0.433333 	1.00037 	1.00047	30.8152030009179
-0.429412 	0.999994 	1.00011	31.6815799071994
-0.42549 	0.999625 	0.999756	32.5270165913124
-0.421569 	0.999259 	0.999406	33.3535360976542
-0.417647 	0.998883 	0.999057	34.1623244836792
-0.413725 	0.99851 	0.998711	34.9544277185736
-0.409804 	0.99814 	0.998369	35.7313612352878
-0.405882 	0.997775 	0.998029	36.4937250421143
-0.401961 	0.997417 	0.997693	37.2428056553433
-0.398039 	0.997069 	0.997359	37.9790328100055
-0.394118 	0.996726 	0.997029	38.7035194240348
-0.390196 	0.996382 	0.996703	39.4165678749295
-0.386275 	0.996041 	0.996381	40.1191564376737
-0.382353 	0.9957 	0.996061	40.8116657299796
-0.378431 	0.995361 	0.995745	41.4944415665512
-0.37451 	0.995028 	0.995432	42.1683106954626
-0.370588 	0.994696 	0.995122	42.8333718829034
-0.366667 	0.994365 	0.994816	43.4903746706805
-0.362745 	0.994035 	0.994512	44.1393651823542
-0.358824 	0.993711 	0.994214	44.7810295321204
-0.354902 	0.99339 	0.993918	45.4155326391763
-0.35098 	0.993076 	0.993626	46.0430251846586
-0.347059 	0.992767 	0.993337	46.6641174232656
-0.343137 	0.992461 	0.993051	47.2787648302278
-0.339216 	0.992159 	0.992769	47.8875368429966
-0.335294 	0.991859 	0.992488	48.4903638594049
-0.331373 	0.991565 	0.992215	49.087780506005
-0.327451 	0.991271 	0.991943	49.679846816516
-0.323529 	0.990983 	0.991676	50.266616592923
-0.319608 	0.990697 	0.991411	50.848581100154
-0.315686 	0.990413 	0.991149	51.4256254854731
-0.311765 	0.990133 	0.990892	51.9982168042613
-0.307843 	0.989852 	0.990635	52.5662271382374
-0.303922 	0.989579 	0.990386	53.130102354156
-0.3 	0.989307 	0.990138	53.6898457655091
-0.296078 	0.989039 	0.989894	54.2454579709041
-0.292157 	0.988776 	0.989655	54.7973576784816
-0.288235 	0.988513 	0.989416	55.3453926666765
-0.284314 	0.988257 	0.989186	55.889966078796
-0.280392 	0.988 	0.988955	56.4309184803829
-0.276471 	0.987748 	0.988727	56.9686391375004
-0.272549 	0.987504 	0.988506	57.5030983486805
-0.268627 	0.987259 	0.988284	58.0342653582116
-0.264706 	0.987023 	0.98807	58.5625112749698
-0.260784 	0.986789 	0.987858	59.0876629851149
-0.256863 	0.986555 	0.987647	59.6100809937273
-0.252941 	0.986329 	0.987444	60.129588057695
-0.24902 	0.986101 	0.987241	60.6465351008865
-0.245098 	0.985877 	0.987042	61.1608721597043
-0.241176 	0.985661 	0.986849	61.6725490270966
-0.237255 	0.985445 	0.986656	62.1819039036563
-0.233333 	0.985235 	0.986469	62.688751626778
-0.229412 	0.985029 	0.986287	63.193422866276
-0.22549 	0.984822 	0.986103	63.6957300476868
-0.221569 	0.984625 	0.985929	64.1959969718798
-0.217647 	0.984429 	0.985755	64.6941607475728
-0.213725 	0.984231 	0.98558	65.1901586318661
-0.209804 	0.984047 	0.985418	65.6843052099357
-0.205882 	0.98386 	0.985255	66.1764082609109
-0.201961 	0.983675 	0.985092	66.6667768657227
-0.198039 	0.983498 	0.984941	67.1552173856893
-0.194118 	0.983319 	0.984787	67.642033850434
-0.190196 	0.983143 	0.984637	68.1270314038653
-0.186275 	0.982976 	0.984495	68.6105094345118
-0.182353 	0.982807 	0.984352	69.0923947102343
-0.178431 	0.982641 	0.984213	69.5726143460918
-0.17451 	0.982483 	0.984082	70.0514614577162
-0.170588 	0.982323 	0.983949	70.52873885127
-0.166667 	0.982167 	0.983822	71.004735873989
-0.162745 	0.982018 	0.983701	71.4792546237442
-0.158824 	0.981866 	0.983578	71.9525809783069
-0.154902 	0.981721 	0.983462	72.4246366335709
-0.15098 	0.981582 	0.983352	72.8953436654862
-0.147059 	0.981442 	0.98324	73.3649832572089
-0.143137 	0.981308 	0.983135	73.8333561594282
-0.139216 	0.981179 	0.983036	74.3007407361659
-0.135294 	0.981049 	0.982935	74.7669373353578
-0.131373 	0.980924 	0.98284	75.2322217298199
-0.127451 	0.980804 	0.982752	75.6965121843275
-0.123529 	0.980682 	0.982661	76.1597273206866
-0.119608 	0.980565 	0.982577	76.6221394192223
-0.115686 	0.980454 	0.9825	77.0835480741748
-0.111765 	0.980341 	0.982422	77.5442234814713
-0.107843 	0.980233 	0.982349	78.0039650147332
-0.103922 	0.980133 	0.982283	78.4630409671845
-0.1 	0.980031 	0.982215	78.9213205889525
-0.0960784 	0.979935 	0.982152	79.3788719194438
-0.0921569 	0.979848 	0.982098	79.835750693461
-0.0882353 	0.97976 	0.982042	80.2919772189866
-0.0843137 	0.979675 	0.981989	80.7475714777742
-0.0803922 	0.9796 	0.981947	81.2025879258237
-0.0764706 	0.979523 	0.981903	81.6570458085565
-0.072549 	0.979447 	0.98186	82.1109640990178
-0.0686275 	0.979381 	0.981829	82.5643961790981
-0.0647059 	0.979313 	0.981795	83.0173604094294
-0.0607843 	0.979245 	0.981762	83.469886461393
-0.0568627 	0.97919 	0.981743	83.9219922299888
-0.0529412 	0.979134 	0.981722	84.3737299570024
-0.0490196 	0.979076 	0.9817	84.8251170764628
-0.045098 	0.979033 	0.981692	85.2761708589639
-0.0411765 	0.978988 	0.981683	85.7269428947118
-0.0372549 	0.978942 	0.981672	86.177450098961
-0.0333333 	0.978908 	0.981674	86.6277092651427
-0.0294118 	0.978873 	0.981676	87.0777714961833
-0.0254902 	0.978837 	0.981676	87.527653330798
-0.0215686 	0.978812 	0.981688	87.9773712255163
-0.0176471 	0.97879 	0.981704	88.4269759537373
-0.0137255 	0.978766 	0.981717	88.8764815220856
-0.00980392 	0.978749 	0.981739	89.3259167923825
-0.00588235 	0.978736 	0.981766	89.7753105869875
-0.00196078 	0.978721 	0.981791	90.2246894130125
0.00196078 	0.978713 	0.981823	90.6740832076175
0.00588235 	0.978712 	0.981863	91.1235184779144
0.00980392 	0.978709 	0.9819	91.5730240462627
0.0137255 	0.97871 	0.981942	92.0226287744837
0.0176471 	0.978721 	0.981994	92.472346669202
0.0215686 	0.978729 	0.982043	92.9222285038167
0.0254902 	0.97874 	0.982095	93.3722907348573
0.0294118 	0.978762 	0.982159	93.8225499010391
0.0333333 	0.978782 	0.982222	94.2730571052882
0.0372549 	0.978802 	0.982285	94.7238291410361
0.0411765 	0.978836 	0.982362	95.1748829235372
0.045098 	0.978868 	0.982438	95.6262700429976
0.0490196 	0.978897 	0.982511	96.0780077700112
0.0529412 	0.97894 	0.9826	96.530113538607
0.0568627 	0.978981 	0.982687	96.9826395905706
0.0607843 	0.97902 	0.982773	97.4356038209019
0.0647059 	0.979072 	0.982873	97.8890359009823
0.0686275 	0.979124 	0.982974	98.3429541914435
0.072549 	0.979174 	0.983074	98.7974120741763
0.0764706 	0.979235 	0.983185	99.2524285222258
0.0803922 	0.979297 	0.983299	99.7080227810134
0.0843137 	0.979357 	0.983411	100.164249306539
0.0882353 	0.979426 	0.983534	100.621128080556
0.0921569 	0.979498 	0.98366	101.078679411048
0.0960784 	0.979569 	0.983785	101.536959032816
0.1 	0.979647 	0.98392	101.996034985267
0.103922 	0.979729 	0.984061	102.455776518529
0.107843 	0.97981 	0.9842	102.916451925825
0.111765 	0.979896 	0.984348	103.377860580778
0.115686 	0.979986 	0.984501	103.840272679313
0.119608 	0.980075 	0.984654	104.303487815673
0.123529 	0.980169 	0.984814	104.76777827018
0.127451 	0.980267 	0.984982	105.233062664642
0.131373 	0.980364 	0.985148	105.699259263834
0.135294 	0.980467 	0.985323	106.166643840572
0.139216 	0.980575 	0.985505	106.635016742791
0.143137 	0.980681 	0.985686	107.104656334514
0.147059 	0.980793 	0.985875	107.575363366429
0.15098 	0.980911 	0.986071	108.047419021693
0.154902 	0.981028 	0.986266	108.520745376256
0.158824 	0.98115 	0.986469	108.995264126011
0.162745 	0.981279 	0.986679	109.47126114873
0.166667 	0.981406 	0.986889	109.948538542284
0.170588 	0.981541 	0.987108	110.427385653908
0.17451 	0.981681 	0.987334	110.907605289766
0.178431 	0.981821 	0.987559	111.389490565488
0.182353 	0.981968 	0.987793	111.872968596135
0.186275 	0.982119 	0.988032	112.357966149566
0.190196 	0.982269 	0.988271	112.844782614311
0.194118 	0.98243 	0.98852	113.333223134277
0.198039 	0.982595 	0.988773	113.823591739089
0.201961 	0.98276 	0.989026	114.315694790064
0.205882 	0.98294 	0.989289	114.809841368134
0.209804 	0.983122 	0.989554	115.305839252427
0.213725 	0.983304 	0.989819	115.80400302812
0.217647 	0.983502 	0.990091	116.304269952313
0.221569 	0.983699 	0.990363	116.806577133724
0.22549 	0.983899 	0.990636	117.311248373222
0.229412 	0.984114 	0.990914	117.818096096344
0.233333 	0.984328 	0.991191	118.327450972903
0.237255 	0.984549 	0.991468	118.839127840296
0.241176 	0.984782 	0.991741	119.353464899114
0.245098 	0.985015 	0.992015	119.870411942305
0.24902 	0.985258 	0.992279	120.389919006273
0.252941 	0.985506 	0.992538	120.912337014885
0.256863 	0.985755 	0.992798	121.43748872503
0.260784 	0.986021 	0.993039	121.965734641788
0.264706 	0.986287 	0.993279	122.49690165132
0.268627 	0.986559 	0.993514	123.0313608625
0.272549 	0.986842 	0.993732	123.569081519617
0.276471 	0.987126 	0.99395	124.110033921204
0.280392 	0.98742 	0.994154	124.654607333323
0.284314 	0.987719 	0.99435	125.202642321518
0.288235 	0.988021 	0.994546	125.754542029096
0.292157 	0.988338 	0.994721	126.310154234491
0.296078 	0.988655 	0.994897	126.869897645844
0.3 	0.988979 	0.995062	127.433772861763
0.303922 	0.989307 	0.995217	128.001783195739
0.307843 	0.989637 	0.995371	128.574374514527
0.311765 	0.989968 	0.995505	129.151418899846
0.315686 	0.990301 	0.99564	129.733383407077
0.319608 	0.990635 	0.995762	130.320153183484
0.323529 	0.990971 	0.995876	130.912219493995
0.327451 	0.991297 	0.995985	131.509636140595
0.331373 	0.991584 	0.996074	132.112463157003
0.335294 	0.991872 	0.996163	132.721235169772
0.339216 	0.992061 	0.996231	133.335882576734
0.343137 	0.992237 	0.996296	133.956974815341
0.347059 	0.99236 	0.996348	134.584467360824
0.35098 	0.992444 	0.99639	135.21897046788
0.354902 	0.992511 	0.996425	135.860634817646
0.358824 	0.992546 	0.996445	136.50962532932
0.362745 	0.992586 	0.996461	137.166628117097
0.366667 	0.992651 	0.996462	137.831689304537
0.370588 	0.992718 	0.996462	138.505558433449
0.37451 	0.992797 	0.996455	139.18833427002
0.378431 	0.992878 	0.996448	139.880843562326
0.382353 	0.992915 	0.996438	140.58343212507
0.386275 	0.99295 	0.996428	141.296480575965
0.390196 	0.99299 	0.996416	142.020967189994
0.394118 	0.993031 	0.996404	142.757194344657
0.398039 	0.993088 	0.996384	143.506274957886
0.401961 	0.993147 	0.996363	144.268638764712
0.405882 	0.993214 	0.996334	145.045572281426
0.409804 	0.993284 	0.9963	145.837675516321
0.413725 	0.993359 	0.996256	146.646463902346
0.417647 	0.99345 	0.996199	147.472983408688
0.421569 	0.993557 	0.996127	148.318420092801
0.42549 	0.993676 	0.99603	149.184796999082
0.429412 	0.993796 	0.995922	150.073488568769
0.433333 	0.993896 	0.995793	150.987037234107
0.437255 	0.993987 	0.995664	151.927398472803
0.441176 	0.994069 	0.995535	152.897886490273
0.445098 	0.994097 	0.995433	153.901618125979
0.44902 	0.994083 	0.995351	154.942336835257
0.452941 	0.994041 	0.995286	156.025445155383
0.456863 	0.993989 	0.995237	157.156400078289
0.460784 	0.993974 	0.995186	158.343341297802
0.464706 	0.993891 	0.995117	159.595399784121
0.468627 	0.993656 	0.995018	160.926122444879
0.472549 	0.993236 	0.994872	162.352941095738
0.476471 	0.992641 	0.994651	163.901001226296
0.480392 	0.991902 	0.994325	165.61033407831
0.484314 	0.99108 	0.993856	167.546143119645
0.488235 	0.990181 	0.993203	169.838377184471
0.492157 	0.989223 	0.992393	172.818904279584
0.496078 	0.988249 	0.99145	180
0.5 	0.988004 	0.990402	180
