0
7.18109572041618
10.1616228155286
12.4538568803552
14.3896659216897
16.0989987737045
17.6470589042619
19.0738775551209
20.4046002158788
21.6566587021984
22.8435999217109
23.9745548446174
25.0576631647434
26.0983818740214
27.102113509727
28.0726015271971
29.0129627658928
29.9265114312313
30.8152030009179
31.6815799071994
32.5270165913124
33.3535360976542
34.1623244836792
34.9544277185736
35.7313612352878
36.4937250421143
37.2428056553433
37.9790328100055
38.7035194240348
39.4165678749295
40.1191564376737
40.8116657299796
41.4944415665512
42.1683106954626
42.8333718829034
43.4903746706805
44.1393651823542
44.7810295321204
45.4155326391763
46.0430251846586
46.6641174232656
47.2787648302278
47.8875368429966
48.4903638594049
49.087780506005
49.679846816516
50.266616592923
50.848581100154
51.4256254854731
51.9982168042613
52.5662271382374
53.130102354156
53.6898457655091
54.2454579709041
54.7973576784816
55.3453926666765
55.889966078796
56.4309184803829
56.9686391375004
57.5030983486805
58.0342653582116
58.5625112749698
59.0876629851149
59.6100809937273
60.129588057695
60.6465351008865
61.1608721597043
61.6725490270966
62.1819039036563
62.688751626778
63.193422866276
63.6957300476868
64.1959969718798
64.6941607475728
65.1901586318661
65.6843052099357
66.1764082609109
66.6667768657227
67.1552173856893
67.642033850434
68.1270314038653
68.6105094345118
69.0923947102343
69.5726143460918
70.0514614577162
70.52873885127
71.004735873989
71.4792546237442
71.9525809783069
72.4246366335709
72.8953436654862
73.3649832572089
73.8333561594282
74.3007407361659
74.7669373353578
75.2322217298199
75.6965121843275
76.1597273206866
76.6221394192223
77.0835480741748
77.5442234814713
78.0039650147332
78.4630409671845
78.9213205889525
79.3788719194438
79.835750693461
80.2919772189866
80.7475714777742
81.2025879258237
81.6570458085565
82.1109640990178
82.5643961790981
83.0173604094294
83.469886461393
83.9219922299888
84.3737299570024
84.8251170764628
85.2761708589639
85.7269428947118
86.177450098961
86.6277092651427
87.0777714961833
87.527653330798
87.9773712255163
88.4269759537373
88.8764815220856
89.3259167923825
89.7753105869875
90.2246894130125
90.6740832076175
91.1235184779144
91.5730240462627
92.0226287744837
92.472346669202
92.9222285038167
93.3722907348573
93.8225499010391
94.2730571052882
94.7238291410361
95.1748829235372
95.6262700429976
96.0780077700112
96.530113538607
96.9826395905706
97.4356038209019
97.8890359009823
98.3429541914435
98.7974120741763
99.2524285222258
99.7080227810134
100.164249306539
100.621128080556
101.078679411048
101.536959032816
101.996034985267
102.455776518529
102.916451925825
103.377860580778
103.840272679313
104.303487815673
104.76777827018
105.233062664642
105.699259263834
106.166643840572
106.635016742791
107.104656334514
107.575363366429
108.047419021693
108.520745376256
108.995264126011
109.47126114873
109.948538542284
110.427385653908
110.907605289766
111.389490565488
111.872968596135
112.357966149566
112.844782614311
113.333223134277
113.823591739089
114.315694790064
114.809841368134
115.305839252427
115.80400302812
116.304269952313
116.806577133724
117.311248373222
117.818096096344
118.327450972903
118.839127840296
119.353464899114
119.870411942305
120.389919006273
120.912337014885
121.43748872503
121.965734641788
122.49690165132
123.0313608625
123.569081519617
124.110033921204
124.654607333323
125.202642321518
125.754542029096
126.310154234491
126.869897645844
127.433772861763
128.001783195739
128.574374514527
129.151418899846
129.733383407077
130.320153183484
130.912219493995
131.509636140595
132.112463157003
132.721235169772
133.335882576734
133.956974815341
134.584467360824
135.21897046788
135.860634817646
136.50962532932
137.166628117097
137.831689304537
138.505558433449
139.18833427002
139.880843562326
140.58343212507
141.296480575965
142.020967189994
142.757194344657
143.506274957886
144.268638764712
145.045572281426
145.837675516321
146.646463902346
147.472983408688
148.318420092801
149.184796999082
150.073488568769
150.987037234107
151.927398472803
152.897886490273
153.901618125979
154.942336835257
156.025445155383
157.156400078289
158.343341297802
159.595399784121
160.926122444879
162.352941095738
163.901001226296
165.61033407831
167.546143119645
169.838377184471
172.818904279584
178
180
