# Force coefficients
# dragDir     : (1.000000e+00 0.000000e+00 0.000000e+00)
# sideDir     : (0.000000e+00 0.000000e+00 -1.000000e+00)
# liftDir     : (0.000000e+00 1.000000e+00 0.000000e+00)
# rollAxis    : (1.000000e+00 0.000000e+00 0.000000e+00)
# pitchAxis   : (0.000000e+00 0.000000e+00 -1.000000e+00)
# yawAxis     : (0.000000e+00 1.000000e+00 0.000000e+00)
# magUInf     : 1.183000e-01
# lRef        : 1.000000e+00
# Aref        : 1.000000e+00
# CofR        : (0.000000e+00 0.000000e+00 0.000000e+00)
#
# Time        	Cd            	Cs            	Cl            	CmRoll        	CmPitch       	CmYaw         	Cd(f)         	Cd(r)         	Cs(f)         	Cs(r)         	Cl(f)         	Cl(r)         
2e-06         	1.302246e-01	2.299871e-18	1.308257e-14	5.660290e-14	-1.077383e-15	1.627808e-01	6.511230e-02	6.511230e-02	1.627808e-01	-1.627808e-01	5.463899e-15	7.618666e-15
0.000509459   	1.575180e+01	2.287513e-18	8.070483e-15	-2.489781e-14	-1.092340e-15	1.968975e+01	7.875899e+00	7.875899e+00	1.968975e+01	-1.968975e+01	2.942902e-15	5.127581e-15
0.00101599    	3.101132e+01	2.275982e-18	4.560743e-15	-1.329282e-14	-2.751674e-15	3.876415e+01	1.550566e+01	1.550566e+01	3.876415e+01	-3.876415e+01	-4.713022e-16	5.032046e-15
0.00152053    	4.547201e+01	2.265563e-18	-6.583682e-14	7.364684e-14	-1.872378e-15	5.684002e+01	2.273601e+01	2.273601e+01	5.684002e+01	-5.684002e+01	-3.479079e-14	-3.104603e-14
0.00202325    	5.861288e+01	2.256587e-18	8.543422e-14	-5.798629e-14	-9.722734e-16	7.326610e+01	2.930644e+01	2.930644e+01	7.326610e+01	-7.326610e+01	4.174484e-14	4.368939e-14
0.0025243     	6.984173e+01	2.249473e-18	4.006842e-14	1.081961e-13	-1.218943e-15	8.730217e+01	3.492087e+01	3.492087e+01	8.730217e+01	-8.730217e+01	1.881527e-14	2.125315e-14
0.00302385    	7.876955e+01	2.244500e-18	5.969129e-14	-4.060222e-14	-2.289670e-15	9.846194e+01	3.938477e+01	3.938477e+01	9.846194e+01	-9.846194e+01	2.755597e-14	3.213531e-14
0.0035222     	8.548754e+01	2.241655e-18	-6.514906e-13	4.181479e-13	-2.925899e-15	1.068594e+02	4.274377e+01	4.274377e+01	1.068594e+02	-1.068594e+02	-3.286712e-13	-3.228194e-13
0.00370626    	8.743158e+01	2.240947e-18	-3.434886e-13	1.619374e-13	8.585972e-16	1.092895e+02	4.371579e+01	4.371579e+01	1.092895e+02	-1.092895e+02	-1.708857e-13	-1.726029e-13
0.00388057    	8.905934e+01	2.240158e-18	1.494549e-13	-3.339738e-13	-1.475832e-15	1.113242e+02	4.452967e+01	4.452967e+01	1.113242e+02	-1.113242e+02	7.325161e-14	7.620327e-14
0.00405801    	9.065833e+01	2.238961e-18	-1.077367e-12	1.054473e-12	-2.058527e-15	1.133229e+02	4.532917e+01	4.532917e+01	1.133229e+02	-1.133229e+02	-5.407422e-13	-5.366251e-13
0.00424538    	9.239978e+01	2.237302e-18	-2.804246e-13	7.016547e-13	-7.504906e-16	1.154997e+02	4.619989e+01	4.619989e+01	1.154997e+02	-1.154997e+02	-1.409628e-13	-1.394618e-13
0.00442923    	9.417741e+01	2.235630e-18	6.857144e-15	1.891782e-13	-4.048419e-16	1.177218e+02	4.708870e+01	4.708870e+01	1.177218e+02	-1.177218e+02	3.023730e-15	3.833414e-15
0.00462134    	9.607798e+01	2.234045e-18	-2.038022e-13	1.662620e-13	-1.162632e-15	1.200975e+02	4.803899e+01	4.803899e+01	1.200975e+02	-1.200975e+02	-1.030637e-13	-1.007385e-13
0.00482251    	9.807141e+01	2.232597e-18	-1.490166e-15	2.123279e-13	-1.337183e-15	1.225893e+02	4.903571e+01	4.903571e+01	1.225893e+02	-1.225893e+02	-2.082266e-15	5.921003e-16
0.00501952    	9.999008e+01	2.231341e-18	-1.187158e-12	1.467399e-12	-5.443268e-15	1.249876e+02	4.999504e+01	4.999504e+01	1.249876e+02	-1.249876e+02	-5.990221e-13	-5.881356e-13
0.0052112     	1.018002e+02	2.230233e-18	-1.727326e-12	2.177443e-12	-7.429582e-15	1.272503e+02	5.090010e+01	5.090010e+01	1.272503e+02	-1.272503e+02	-8.710924e-13	-8.562333e-13
0.00538098    	1.033497e+02	2.229320e-18	-1.594479e-12	2.039192e-12	-6.238070e-15	1.291871e+02	5.167485e+01	5.167485e+01	1.291871e+02	-1.291871e+02	-8.034777e-13	-7.910016e-13
0.00553032    	1.046654e+02	2.228562e-18	-1.017669e-12	1.411315e-12	-6.065548e-15	1.308318e+02	5.233270e+01	5.233270e+01	1.308318e+02	-1.308318e+02	-5.149001e-13	-5.027691e-13
0.00568543    	1.059809e+02	2.227814e-18	-9.506436e-13	1.004518e-12	-6.063208e-15	1.324761e+02	5.299045e+01	5.299045e+01	1.324761e+02	-1.324761e+02	-4.813850e-13	-4.692586e-13
0.00585093    	1.073231e+02	2.227060e-18	-8.103812e-13	1.174822e-12	-9.427790e-15	1.341538e+02	5.366153e+01	5.366153e+01	1.341538e+02	-1.341538e+02	-4.146184e-13	-3.957628e-13
0.0060012     	1.084917e+02	2.226414e-18	2.128943e-12	-2.753640e-12	-5.843819e-15	1.356146e+02	5.424585e+01	5.424585e+01	1.356146e+02	-1.356146e+02	1.058628e-12	1.070315e-12
0.00613394    	1.094859e+02	2.225877e-18	2.083902e-12	-2.568485e-12	-3.089258e-15	1.368573e+02	5.474293e+01	5.474293e+01	1.368573e+02	-1.368573e+02	1.038862e-12	1.045040e-12
0.00627333    	1.104925e+02	2.225346e-18	1.883317e-12	-2.229526e-12	-4.163642e-16	1.381156e+02	5.524624e+01	5.524624e+01	1.381156e+02	-1.381156e+02	9.412421e-13	9.420748e-13
0.00642496    	1.115398e+02	2.224811e-18	1.974464e-12	-2.003050e-12	1.174603e-15	1.394247e+02	5.576988e+01	5.576988e+01	1.394247e+02	-1.394247e+02	9.884067e-13	9.860575e-13
0.00658844    	1.126095e+02	2.224283e-18	1.631488e-12	-2.376824e-12	1.298191e-15	1.407618e+02	5.630474e+01	5.630474e+01	1.407618e+02	-1.407618e+02	8.170420e-13	8.144456e-13
0.00676131    	1.136707e+02	2.223780e-18	1.844521e-12	-2.225380e-12	1.245241e-15	1.420884e+02	5.683537e+01	5.683537e+01	1.420884e+02	-1.420884e+02	9.235055e-13	9.210150e-13
0.0069361     	1.146687e+02	2.223328e-18	2.038276e-12	-2.441721e-12	1.650461e-15	1.433359e+02	5.733435e+01	5.733435e+01	1.433359e+02	-1.433359e+02	1.020789e-12	1.017488e-12
0.00710737    	1.155721e+02	2.222938e-18	2.061993e-12	-2.808682e-12	1.900725e-15	1.444651e+02	5.778603e+01	5.778603e+01	1.444651e+02	-1.444651e+02	1.032897e-12	1.029096e-12
0.00727113    	1.163660e+02	2.222612e-18	2.126634e-12	-2.669981e-12	1.827392e-15	1.454575e+02	5.818302e+01	5.818302e+01	1.454575e+02	-1.454575e+02	1.065144e-12	1.061489e-12
0.007431      	1.170756e+02	2.222338e-18	2.408448e-12	-3.006314e-12	2.051749e-15	1.463445e+02	5.853781e+01	5.853781e+01	1.463445e+02	-1.463445e+02	1.206276e-12	1.202172e-12
0.00758936    	1.177144e+02	2.222108e-18	2.560013e-12	-2.749386e-12	2.378270e-15	1.471431e+02	5.885722e+01	5.885722e+01	1.471431e+02	-1.471431e+02	1.282385e-12	1.277628e-12
0.00774678    	1.182868e+02	2.221919e-18	2.318472e-12	-2.803755e-12	2.192471e-15	1.478585e+02	5.914341e+01	5.914341e+01	1.478585e+02	-1.478585e+02	1.161429e-12	1.157044e-12
0.00790352    	1.187949e+02	2.221769e-18	2.305661e-12	-2.878533e-12	2.501244e-15	1.484936e+02	5.939744e+01	5.939744e+01	1.484936e+02	-1.484936e+02	1.155332e-12	1.150329e-12
0.00805974    	1.192402e+02	2.221655e-18	2.248156e-12	-3.061598e-12	3.552074e-15	1.490502e+02	5.962008e+01	5.962008e+01	1.490502e+02	-1.490502e+02	1.127630e-12	1.120526e-12
0.00821545    	1.196236e+02	2.221575e-18	2.211846e-12	-2.734405e-12	2.717196e-15	1.495296e+02	5.981182e+01	5.981182e+01	1.495296e+02	-1.495296e+02	1.108640e-12	1.103206e-12
0.00837298    	1.199508e+02	2.221528e-18	2.180500e-12	-3.132950e-12	9.587942e-16	1.499385e+02	5.997541e+01	5.997541e+01	1.499385e+02	-1.499385e+02	1.091209e-12	1.089291e-12
0.00852985    	1.202165e+02	2.221511e-18	2.604756e-12	-3.265887e-12	2.427902e-15	1.502706e+02	6.010826e+01	6.010826e+01	1.502706e+02	-1.502706e+02	1.304806e-12	1.299950e-12
0.00868773    	1.204243e+02	2.221523e-18	2.755219e-12	-3.198327e-12	3.610667e-16	1.505303e+02	6.021213e+01	6.021213e+01	1.505303e+02	-1.505303e+02	1.377970e-12	1.377248e-12
0.00883963    	1.205686e+02	2.221560e-18	2.588849e-12	-3.141843e-12	1.975473e-15	1.507107e+02	6.028429e+01	6.028429e+01	1.507107e+02	-1.507107e+02	1.296400e-12	1.292449e-12
0.00899052    	1.206587e+02	2.221621e-18	2.407791e-12	-3.082996e-12	2.884615e-16	1.508234e+02	6.032937e+01	6.032937e+01	1.508234e+02	-1.508234e+02	1.204184e-12	1.203607e-12
0.00915229    	1.206973e+02	2.221710e-18	2.298306e-12	-2.959560e-12	1.221667e-15	1.508716e+02	6.034866e+01	6.034866e+01	1.508716e+02	-1.508716e+02	1.150374e-12	1.147931e-12
0.00931324    	1.206771e+02	2.221821e-18	2.368957e-12	-2.117778e-12	1.293653e-15	1.508463e+02	6.033853e+01	6.033853e+01	1.508463e+02	-1.508463e+02	1.185772e-12	1.183185e-12
0.00947356    	1.205999e+02	2.221954e-18	2.232582e-12	-2.456245e-12	3.481347e-16	1.507498e+02	6.029993e+01	6.029993e+01	1.507498e+02	-1.507498e+02	1.116639e-12	1.115943e-12
0.00963346    	1.204673e+02	2.222107e-18	2.135307e-12	-2.445703e-12	6.837018e-16	1.505842e+02	6.023366e+01	6.023366e+01	1.505842e+02	-1.505842e+02	1.068337e-12	1.066970e-12
0.00979627    	1.202764e+02	2.222283e-18	2.143008e-12	-2.488398e-12	-1.013356e-15	1.503455e+02	6.013820e+01	6.013820e+01	1.503455e+02	-1.503455e+02	1.070490e-12	1.072517e-12
0.00996189    	1.200255e+02	2.222483e-18	1.781286e-12	-2.227371e-12	5.711483e-16	1.500318e+02	6.001273e+01	6.001273e+01	1.500318e+02	-1.500318e+02	8.912140e-13	8.900717e-13
0.0101288     	1.197162e+02	2.222704e-18	1.439094e-12	-2.233378e-12	-2.506233e-15	1.496453e+02	5.985812e+01	5.985812e+01	1.496453e+02	-1.496453e+02	7.170409e-13	7.220534e-13
0.0102951     	1.193533e+02	2.222946e-18	1.819376e-12	-1.963874e-12	1.927084e-16	1.491916e+02	5.967664e+01	5.967664e+01	1.491916e+02	-1.491916e+02	9.098807e-13	9.094953e-13
0.0104652     	1.189267e+02	2.223214e-18	1.698530e-12	-1.282451e-12	-2.692187e-15	1.486584e+02	5.946336e+01	5.946336e+01	1.486584e+02	-1.486584e+02	8.465729e-13	8.519573e-13
0.0106355     	1.184450e+02	2.223503e-18	1.320291e-12	-1.667932e-12	-8.009008e-16	1.480563e+02	5.922252e+01	5.922252e+01	1.480563e+02	-1.480563e+02	6.593447e-13	6.609465e-13
0.0108058     	1.179115e+02	2.223811e-18	1.328010e-12	-1.457682e-12	-2.939441e-15	1.473893e+02	5.895574e+01	5.895574e+01	1.473893e+02	-1.473893e+02	6.610657e-13	6.669446e-13
0.010976      	1.173269e+02	2.224137e-18	1.315617e-12	-1.234247e-12	-1.084018e-15	1.466586e+02	5.866344e+01	5.866344e+01	1.466586e+02	-1.466586e+02	6.567247e-13	6.588927e-13
0.0111465     	1.166923e+02	2.224487e-18	8.753085e-13	-1.423320e-12	-1.477544e-15	1.458654e+02	5.834614e+01	5.834614e+01	1.458654e+02	-1.458654e+02	4.361767e-13	4.391318e-13
0.0113176     	1.160079e+02	2.224861e-18	1.111712e-12	-1.293254e-12	-3.566456e-15	1.450099e+02	5.800396e+01	5.800396e+01	1.450099e+02	-1.450099e+02	5.522898e-13	5.594227e-13
0.0114888     	1.152772e+02	2.225256e-18	1.164360e-12	-1.360445e-12	1.492971e-16	1.440964e+02	5.763858e+01	5.763858e+01	1.440964e+02	-1.440964e+02	5.823292e-13	5.820306e-13
0.0116534     	1.145330e+02	2.225653e-18	8.580437e-13	-7.791361e-13	-2.124989e-15	1.431663e+02	5.726652e+01	5.726652e+01	1.431663e+02	-1.431663e+02	4.268969e-13	4.311468e-13
0.0118218     	1.137307e+02	2.226077e-18	8.772620e-13	-7.931346e-13	-1.407005e-15	1.421634e+02	5.686537e+01	5.686537e+01	1.421634e+02	-1.421634e+02	4.372240e-13	4.400380e-13
0.0119944     	1.128676e+02	2.226531e-18	6.095555e-13	-7.273634e-13	-2.879626e-15	1.410845e+02	5.643380e+01	5.643380e+01	1.410845e+02	-1.410845e+02	3.018981e-13	3.076574e-13
0.0121714     	1.119420e+02	2.227015e-18	4.087216e-13	-4.507468e-13	5.045080e-16	1.399275e+02	5.597098e+01	5.597098e+01	1.399275e+02	-1.399275e+02	2.048653e-13	2.038563e-13
0.0123517     	1.109582e+02	2.227528e-18	1.154719e-13	-4.611476e-13	-2.742772e-15	1.386977e+02	5.547910e+01	5.547910e+01	1.386977e+02	-1.386977e+02	5.499318e-14	6.047873e-14
0.0125344     	1.099214e+02	2.228071e-18	3.434168e-13	9.680594e-14	-1.418379e-15	1.374017e+02	5.496068e+01	5.496068e+01	1.374017e+02	-1.374017e+02	1.702900e-13	1.731268e-13
0.0127176     	1.088438e+02	2.228637e-18	3.218379e-13	-4.889645e-13	-1.623701e-15	1.360548e+02	5.442192e+01	5.442192e+01	1.360548e+02	-1.360548e+02	1.592952e-13	1.625426e-13
0.0129046     	1.077064e+02	2.229239e-18	-1.559182e-13	2.081355e-13	-1.490887e-15	1.346330e+02	5.385320e+01	5.385320e+01	1.346330e+02	-1.346330e+02	-7.944998e-14	-7.646820e-14
0.0130944     	1.065151e+02	2.229872e-18	1.073747e-13	3.621738e-13	-3.323602e-15	1.331439e+02	5.325757e+01	5.325757e+01	1.331439e+02	-1.331439e+02	5.036377e-14	5.701097e-14
0.0132864     	1.052761e+02	2.230534e-18	-1.996715e-13	5.406671e-13	-2.815408e-15	1.315951e+02	5.263803e+01	5.263803e+01	1.315951e+02	-1.315951e+02	-1.026512e-13	-9.702036e-14
0.0134807     	1.039883e+02	2.231226e-18	-6.220922e-13	6.403678e-13	-2.806185e-15	1.299853e+02	5.199414e+01	5.199414e+01	1.299853e+02	-1.299853e+02	-3.138523e-13	-3.082399e-13
0.0136777     	1.026509e+02	2.231948e-18	-9.602179e-13	4.887608e-13	-1.979733e-15	1.283136e+02	5.132543e+01	5.132543e+01	1.283136e+02	-1.283136e+02	-4.820887e-13	-4.781292e-13
0.0138778     	1.012623e+02	2.232702e-18	-8.479531e-13	1.320483e-12	-1.649084e-15	1.265779e+02	5.063116e+01	5.063116e+01	1.265779e+02	-1.265779e+02	-4.256256e-13	-4.223275e-13
0.0140805     	9.982680e+01	2.233485e-18	-1.154809e-12	1.472645e-12	-2.046066e-15	1.247835e+02	4.991340e+01	4.991340e+01	1.247835e+02	-1.247835e+02	-5.794504e-13	-5.753582e-13
0.0142856     	9.834770e+01	2.234297e-18	-1.506705e-12	1.676864e-12	-2.658565e-15	1.229346e+02	4.917385e+01	4.917385e+01	1.229346e+02	-1.229346e+02	-7.560112e-13	-7.506941e-13
0.0144933     	9.682529e+01	2.235136e-18	-1.271651e-12	1.898683e-12	-3.040393e-15	1.210316e+02	4.841264e+01	4.841264e+01	1.210316e+02	-1.210316e+02	-6.388657e-13	-6.327849e-13
0.0147039     	9.525965e+01	2.236004e-18	-1.690120e-12	2.254968e-12	-1.913660e-15	1.190746e+02	4.762982e+01	4.762982e+01	1.190746e+02	-1.190746e+02	-8.469738e-13	-8.431465e-13
0.0149176     	9.365062e+01	2.236901e-18	-2.074380e-12	1.968972e-12	-2.685225e-15	1.170633e+02	4.682531e+01	4.682531e+01	1.170633e+02	-1.170633e+02	-1.039875e-12	-1.034505e-12
0.0151348     	9.199789e+01	2.237827e-18	-2.045389e-12	2.479272e-12	-4.880570e-15	1.149974e+02	4.599895e+01	4.599895e+01	1.149974e+02	-1.149974e+02	-1.027575e-12	-1.017814e-12
0.0153559     	9.030081e+01	2.238783e-18	-2.408817e-12	2.583915e-12	-2.976578e-15	1.128760e+02	4.515041e+01	4.515041e+01	1.128760e+02	-1.128760e+02	-1.207385e-12	-1.201432e-12
0.0155812     	8.855846e+01	2.239769e-18	-2.360081e-12	3.086708e-12	-4.358855e-15	1.106981e+02	4.427923e+01	4.427923e+01	1.106981e+02	-1.106981e+02	-1.184400e-12	-1.175682e-12
0.0158114     	8.676987e+01	2.240788e-18	-2.402500e-12	2.927446e-12	-4.061597e-15	1.084623e+02	4.338493e+01	4.338493e+01	1.084623e+02	-1.084623e+02	-1.205311e-12	-1.197188e-12
0.0160471     	8.493347e+01	2.241839e-18	-3.075757e-12	3.570927e-12	-3.134501e-15	1.061668e+02	4.246673e+01	4.246673e+01	1.061668e+02	-1.061668e+02	-1.541013e-12	-1.534744e-12
0.0162889     	8.304747e+01	2.242926e-18	-3.328433e-12	3.449379e-12	-1.898364e-15	1.038093e+02	4.152373e+01	4.152373e+01	1.038093e+02	-1.038093e+02	-1.666115e-12	-1.662318e-12
0.0165378     	8.110970e+01	2.244051e-18	-3.158628e-12	3.749995e-12	-2.900228e-15	1.013871e+02	4.055485e+01	4.055485e+01	1.013871e+02	-1.013871e+02	-1.582214e-12	-1.576414e-12
0.0167947     	7.911734e+01	2.245219e-18	-3.120225e-12	4.007534e-12	-3.036760e-15	9.889667e+01	3.955867e+01	3.955867e+01	9.889667e+01	-9.889667e+01	-1.563149e-12	-1.557076e-12
0.0170609     	7.706704e+01	2.246431e-18	-3.389401e-12	4.215092e-12	-3.603219e-15	9.633380e+01	3.853352e+01	3.853352e+01	9.633380e+01	-9.633380e+01	-1.698304e-12	-1.691097e-12
0.0173379     	7.495482e+01	2.247693e-18	-3.297971e-12	4.133923e-12	-4.107041e-15	9.369352e+01	3.747741e+01	3.747741e+01	9.369352e+01	-9.369352e+01	-1.653093e-12	-1.644879e-12
0.0176279     	7.277576e+01	2.249010e-18	-3.585969e-12	4.460921e-12	-4.534037e-15	9.096971e+01	3.638788e+01	3.638788e+01	9.096971e+01	-9.096971e+01	-1.797519e-12	-1.788451e-12
0.0179331     	7.052373e+01	2.250391e-18	-3.568034e-12	4.612090e-12	-9.785699e-16	8.815466e+01	3.526187e+01	3.526187e+01	8.815466e+01	-8.815466e+01	-1.784996e-12	-1.783039e-12
0.018257      	6.819075e+01	2.251847e-18	-3.562817e-12	4.531515e-12	-3.427227e-15	8.523844e+01	3.409538e+01	3.409538e+01	8.523844e+01	-8.523844e+01	-1.784836e-12	-1.777981e-12
0.0186042     	6.576686e+01	2.253397e-18	-3.740072e-12	4.533080e-12	-2.246926e-15	8.220858e+01	3.288343e+01	3.288343e+01	8.220858e+01	-8.220858e+01	-1.872283e-12	-1.867789e-12
0.0189808     	6.323872e+01	2.254978e-18	-3.906827e-12	4.431900e-12	-5.062373e-15	7.904840e+01	3.161936e+01	3.161936e+01	7.904840e+01	-7.904840e+01	-1.958476e-12	-1.948351e-12
0.0193964     	6.058884e+01	2.256545e-18	-3.628140e-12	4.249263e-12	-5.230134e-15	7.573605e+01	3.029442e+01	3.029442e+01	7.573605e+01	-7.573605e+01	-1.819300e-12	-1.808840e-12
0.0198657     	5.779522e+01	2.258141e-18	-3.592371e-12	4.624125e-12	-3.194165e-15	7.224403e+01	2.889761e+01	2.889761e+01	7.224403e+01	-7.224403e+01	-1.799380e-12	-1.792992e-12
0.0203668     	5.508308e+01	2.259615e-18	-3.139811e-12	3.742696e-12	-2.501079e-15	6.885385e+01	2.754154e+01	2.754154e+01	6.885385e+01	-6.885385e+01	-1.572406e-12	-1.567404e-12
0.0208679     	5.268856e+01	2.260745e-18	-3.063285e-12	3.895054e-12	-1.097368e-15	6.586069e+01	2.634428e+01	2.634428e+01	6.586069e+01	-6.586069e+01	-1.532740e-12	-1.530545e-12
0.0213692     	5.064378e+01	2.261575e-18	-2.223513e-12	3.185593e-12	-4.222624e-15	6.330473e+01	2.532189e+01	2.532189e+01	6.330473e+01	-6.330473e+01	-1.115979e-12	-1.107534e-12
0.0218706     	4.897228e+01	2.262143e-18	-1.512106e-12	2.081432e-12	-3.603321e-15	6.121535e+01	2.448614e+01	2.448614e+01	6.121535e+01	-6.121535e+01	-7.596564e-13	-7.524497e-13
0.0223721     	4.769328e+01	2.262462e-18	-1.098931e-12	1.240549e-12	-4.140779e-15	5.961660e+01	2.384664e+01	2.384664e+01	5.961660e+01	-5.961660e+01	-5.536064e-13	-5.453249e-13
0.0228737     	4.683153e+01	2.262549e-18	-9.478489e-13	1.094442e-12	-5.529906e-16	5.853941e+01	2.341576e+01	2.341576e+01	5.853941e+01	-5.853941e+01	-4.744774e-13	-4.733715e-13
0.0233755     	4.641195e+01	2.262419e-18	-8.324179e-13	1.186354e-12	-2.183554e-15	5.801494e+01	2.320598e+01	2.320598e+01	5.801494e+01	-5.801494e+01	-4.183925e-13	-4.140254e-13
0.0238772     	4.644379e+01	2.261959e-18	-9.062874e-13	9.241804e-13	-1.010600e-15	5.805474e+01	2.322189e+01	2.322189e+01	5.805474e+01	-5.805474e+01	-4.541543e-13	-4.521331e-13
0.024379      	4.691119e+01	2.261333e-18	-2.483641e-13	1.192356e-12	1.355327e-15	5.863898e+01	2.345559e+01	2.345559e+01	5.863898e+01	-5.863898e+01	-1.228267e-13	-1.255374e-13
0.0248807     	4.778522e+01	2.260499e-18	-2.399792e-13	1.432609e-13	1.104936e-16	5.973152e+01	2.389261e+01	2.389261e+01	5.973152e+01	-5.973152e+01	-1.198791e-13	-1.201001e-13
0.0253824     	4.903691e+01	2.259406e-18	-4.752901e-13	6.379022e-13	-2.987094e-17	6.129614e+01	2.451846e+01	2.451846e+01	6.129614e+01	-6.129614e+01	-2.376749e-13	-2.376152e-13
0.0258839     	5.061877e+01	2.258119e-18	-1.205496e-12	1.069531e-12	1.061187e-15	6.327347e+01	2.530939e+01	2.530939e+01	6.327347e+01	-6.327347e+01	-6.016870e-13	-6.038094e-13
0.0263852     	5.248232e+01	2.256607e-18	-3.818695e-13	-3.405475e-14	-1.075249e-15	6.560291e+01	2.624116e+01	2.624116e+01	6.560291e+01	-6.560291e+01	-1.920100e-13	-1.898595e-13
0.0268862     	5.455962e+01	2.254975e-18	4.174201e-14	-7.929921e-15	-1.534411e-15	6.819952e+01	2.727981e+01	2.727981e+01	6.819952e+01	-6.819952e+01	1.933659e-14	2.240542e-14
0.0273869     	5.678947e+01	2.253293e-18	8.194708e-13	-9.524822e-13	-4.872622e-15	7.098684e+01	2.839473e+01	2.839473e+01	7.098684e+01	-7.098684e+01	4.048628e-13	4.146080e-13
0.0278874     	5.913860e+01	2.251582e-18	2.147769e-12	-2.617653e-12	-7.529068e-15	7.392325e+01	2.956930e+01	2.956930e+01	7.392325e+01	-7.392325e+01	1.066355e-12	1.081413e-12
0.0283876     	6.157656e+01	2.249853e-18	2.668025e-12	-2.809574e-12	-9.370020e-15	7.697070e+01	3.078828e+01	3.078828e+01	7.697070e+01	-7.697070e+01	1.324642e-12	1.343382e-12
0.0288875     	6.406941e+01	2.248157e-18	3.657786e-12	-4.452392e-12	-9.677000e-15	8.008677e+01	3.203471e+01	3.203471e+01	8.008677e+01	-8.008677e+01	1.819216e-12	1.838570e-12
0.0293872     	6.657558e+01	2.246485e-18	4.853469e-12	-5.929885e-12	-1.074653e-14	8.321948e+01	3.328779e+01	3.328779e+01	8.321948e+01	-8.321948e+01	2.415988e-12	2.437481e-12
0.0298865     	6.904466e+01	2.244907e-18	6.042001e-12	-6.938327e-12	-8.122292e-15	8.630582e+01	3.452233e+01	3.452233e+01	8.630582e+01	-8.630582e+01	3.012878e-12	3.029123e-12
0.0303856     	7.141565e+01	2.243444e-18	6.862210e-12	-8.176360e-12	-7.939116e-15	8.926956e+01	3.570782e+01	3.570782e+01	8.926956e+01	-8.926956e+01	3.423166e-12	3.439044e-12
0.0308844     	7.361498e+01	2.242117e-18	8.297103e-12	-1.062575e-11	-1.139298e-14	9.201872e+01	3.680749e+01	3.680749e+01	9.201872e+01	-9.201872e+01	4.137158e-12	4.159944e-12
0.0313828     	7.555379e+01	2.240977e-18	9.836969e-12	-1.239313e-11	-7.515774e-15	9.444224e+01	3.777690e+01	3.777690e+01	9.444224e+01	-9.444224e+01	4.910969e-12	4.926001e-12
0.0318809     	7.719460e+01	2.240028e-18	1.107077e-11	-1.364942e-11	-5.248027e-15	9.649325e+01	3.859730e+01	3.859730e+01	9.649325e+01	-9.649325e+01	5.530137e-12	5.540633e-12
0.0323787     	7.852148e+01	2.239248e-18	1.205420e-11	-1.543314e-11	-3.470643e-15	9.815185e+01	3.926074e+01	3.926074e+01	9.815185e+01	-9.815185e+01	6.023630e-12	6.030572e-12
0.0328762     	7.952547e+01	2.238633e-18	1.343712e-11	-1.649836e-11	-2.356861e-15	9.940684e+01	3.976274e+01	3.976274e+01	9.940684e+01	-9.940684e+01	6.716204e-12	6.720918e-12
0.0333736     	8.020432e+01	2.238205e-18	1.391633e-11	-1.695057e-11	8.264878e-16	1.002554e+02	4.010216e+01	4.010216e+01	1.002554e+02	-1.002554e+02	6.958992e-12	6.957339e-12
0.033871      	8.059626e+01	2.237947e-18	1.474573e-11	-1.831036e-11	1.517104e-15	1.007453e+02	4.029813e+01	4.029813e+01	1.007453e+02	-1.007453e+02	7.374382e-12	7.371348e-12
0.0343682     	8.073433e+01	2.237861e-18	1.722925e-11	-2.133220e-11	8.977369e-16	1.009179e+02	4.036717e+01	4.036717e+01	1.009179e+02	-1.009179e+02	8.615524e-12	8.613728e-12
0.0348654     	8.064441e+01	2.237922e-18	1.794815e-11	-2.286318e-11	4.137134e-15	1.008055e+02	4.032220e+01	4.032220e+01	1.008055e+02	-1.008055e+02	8.978211e-12	8.969937e-12
0.0353626     	8.035817e+01	2.238099e-18	1.824233e-11	-2.288912e-11	3.829649e-15	1.004477e+02	4.017908e+01	4.017908e+01	1.004477e+02	-1.004477e+02	9.124996e-12	9.117337e-12
0.0358599     	7.991051e+01	2.238368e-18	1.771284e-11	-2.210864e-11	2.440792e-15	9.988813e+01	3.995525e+01	3.995525e+01	9.988813e+01	-9.988813e+01	8.858862e-12	8.853980e-12
0.0363572     	7.933499e+01	2.238705e-18	1.658149e-11	-2.040491e-11	4.189878e-15	9.916874e+01	3.966750e+01	3.966750e+01	9.916874e+01	-9.916874e+01	8.294935e-12	8.286555e-12
0.0368546     	7.866392e+01	2.239093e-18	1.326154e-11	-1.667574e-11	5.506888e-15	9.832990e+01	3.933196e+01	3.933196e+01	9.832990e+01	-9.832990e+01	6.636276e-12	6.625262e-12
0.0373521     	7.792788e+01	2.239522e-18	1.019528e-11	-1.255089e-11	4.646015e-15	9.740985e+01	3.896394e+01	3.896394e+01	9.740985e+01	-9.740985e+01	5.102285e-12	5.092993e-12
0.0378496     	7.715691e+01	2.239970e-18	7.104560e-12	-8.629066e-12	5.475565e-15	9.644613e+01	3.857845e+01	3.857845e+01	9.644613e+01	-9.644613e+01	3.557756e-12	3.546805e-12
0.0383473     	7.637761e+01	2.240422e-18	3.538775e-12	-4.645806e-12	6.960219e-15	9.547201e+01	3.818880e+01	3.818880e+01	9.547201e+01	-9.547201e+01	1.776348e-12	1.762427e-12
0.0388452     	7.561180e+01	2.240866e-18	1.421130e-12	-1.632833e-12	7.471142e-15	9.451475e+01	3.780590e+01	3.780590e+01	9.451475e+01	-9.451475e+01	7.180361e-13	7.030938e-13
0.0393432     	7.487530e+01	2.241291e-18	-9.076080e-13	1.406658e-12	6.015347e-15	9.359413e+01	3.743765e+01	3.743765e+01	9.359413e+01	-9.359413e+01	-4.477887e-13	-4.598194e-13
0.0398413     	7.418087e+01	2.241681e-18	-3.389935e-12	3.918355e-12	6.923586e-15	9.272609e+01	3.709044e+01	3.709044e+01	9.272609e+01	-9.272609e+01	-1.688044e-12	-1.701891e-12
0.0403395     	7.354093e+01	2.242023e-18	-4.464359e-12	5.936531e-12	8.490756e-15	9.192616e+01	3.677046e+01	3.677046e+01	9.192616e+01	-9.192616e+01	-2.223689e-12	-2.240670e-12
0.0408378     	7.296762e+01	2.242312e-18	-6.401057e-12	8.095265e-12	5.670249e-15	9.120952e+01	3.648381e+01	3.648381e+01	9.120952e+01	-9.120952e+01	-3.194858e-12	-3.206199e-12
0.0413362     	7.247258e+01	2.242542e-18	-7.526133e-12	9.511108e-12	6.126874e-15	9.059072e+01	3.623629e+01	3.623629e+01	9.059072e+01	-9.059072e+01	-3.756940e-12	-3.769194e-12
0.0418348     	7.206600e+01	2.242709e-18	-8.434999e-12	1.031147e-11	4.927147e-15	9.008250e+01	3.603300e+01	3.603300e+01	9.008250e+01	-9.008250e+01	-4.212572e-12	-4.222427e-12
0.0423335     	7.175558e+01	2.242812e-18	-9.002820e-12	1.142693e-11	3.372997e-15	8.969448e+01	3.587779e+01	3.587779e+01	8.969448e+01	-8.969448e+01	-4.498037e-12	-4.504783e-12
0.0428322     	7.154523e+01	2.242849e-18	-8.580884e-12	1.067326e-11	3.789203e-15	8.943154e+01	3.577262e+01	3.577262e+01	8.943154e+01	-8.943154e+01	-4.286653e-12	-4.294231e-12
0.043331      	7.143451e+01	2.242819e-18	-8.614671e-12	1.022154e-11	2.474034e-15	8.929314e+01	3.571726e+01	3.571726e+01	8.929314e+01	-8.929314e+01	-4.304861e-12	-4.309810e-12
0.0438298     	7.141986e+01	2.242722e-18	-7.475523e-12	9.574284e-12	1.406193e-15	8.927482e+01	3.570993e+01	3.570993e+01	8.927482e+01	-8.927482e+01	-3.736355e-12	-3.739167e-12
0.0443287     	7.149459e+01	2.242563e-18	-6.713597e-12	8.612857e-12	-3.954152e-15	8.936823e+01	3.574729e+01	3.574729e+01	8.936823e+01	-8.936823e+01	-3.360753e-12	-3.352845e-12
0.0448277     	7.164940e+01	2.242348e-18	-5.735696e-12	6.968403e-12	-5.232485e-15	8.956175e+01	3.582470e+01	3.582470e+01	8.956175e+01	-8.956175e+01	-2.873080e-12	-2.862615e-12
0.0453266     	7.187287e+01	2.242087e-18	-4.168474e-12	5.371577e-12	-5.674066e-15	8.984109e+01	3.593644e+01	3.593644e+01	8.984109e+01	-8.984109e+01	-2.089911e-12	-2.078563e-12
0.0458255     	7.215127e+01	2.241793e-18	-2.768635e-12	3.658619e-12	-8.713917e-15	9.018909e+01	3.607563e+01	3.607563e+01	9.018909e+01	-9.018909e+01	-1.393031e-12	-1.375604e-12
0.0463244     	7.246970e+01	2.241483e-18	-1.949288e-12	1.871770e-12	-8.191594e-15	9.058713e+01	3.623485e+01	3.623485e+01	9.058713e+01	-9.058713e+01	-9.828354e-13	-9.664522e-13
0.0468233     	7.281309e+01	2.241171e-18	-5.735747e-13	1.001676e-12	-1.091367e-14	9.101637e+01	3.640655e+01	3.640655e+01	9.101637e+01	-9.101637e+01	-2.977010e-13	-2.758737e-13
0.0473222     	7.316685e+01	2.240869e-18	9.009614e-13	-1.056469e-12	-1.024602e-14	9.145856e+01	3.658342e+01	3.658342e+01	9.145856e+01	-9.145856e+01	4.402347e-13	4.607267e-13
0.047821      	7.351724e+01	2.240587e-18	1.926295e-12	-2.351403e-12	-1.259886e-14	9.189655e+01	3.675862e+01	3.675862e+01	9.189655e+01	-9.189655e+01	9.505488e-13	9.757465e-13
0.0483197     	7.385148e+01	2.240331e-18	3.216779e-12	-3.408707e-12	-1.583460e-14	9.231435e+01	3.692574e+01	3.692574e+01	9.231435e+01	-9.231435e+01	1.592555e-12	1.624224e-12
0.0488185     	7.415812e+01	2.240107e-18	3.602968e-12	-4.446902e-12	-1.550503e-14	9.269765e+01	3.707906e+01	3.707906e+01	9.269765e+01	-9.269765e+01	1.785979e-12	1.816989e-12
0.0493172     	7.442685e+01	2.239918e-18	4.169623e-12	-5.201628e-12	-1.546221e-14	9.303356e+01	3.721342e+01	3.721342e+01	9.303356e+01	-9.303356e+01	2.069349e-12	2.100274e-12
0.0498158     	7.464876e+01	2.239766e-18	4.102997e-12	-5.452158e-12	-1.728856e-14	9.331095e+01	3.732438e+01	3.732438e+01	9.331095e+01	-9.331095e+01	2.034210e-12	2.068787e-12
0.0503145     	7.481589e+01	2.239656e-18	4.483533e-12	-5.547145e-12	-1.664937e-14	9.351987e+01	3.740795e+01	3.740795e+01	9.351987e+01	-9.351987e+01	2.225117e-12	2.258416e-12
0.050813      	7.492344e+01	2.239585e-18	4.490126e-12	-5.949274e-12	-1.596402e-14	9.365430e+01	3.746172e+01	3.746172e+01	9.365430e+01	-9.365430e+01	2.229099e-12	2.261027e-12
0.0513115     	7.496915e+01	2.239548e-18	4.292649e-12	-5.391944e-12	-1.497891e-14	9.371144e+01	3.748458e+01	3.748458e+01	9.371144e+01	-9.371144e+01	2.131346e-12	2.161303e-12
0.05181       	7.495322e+01	2.239545e-18	3.929548e-12	-4.749550e-12	-1.497506e-14	9.369152e+01	3.747661e+01	3.747661e+01	9.369152e+01	-9.369152e+01	1.949799e-12	1.979749e-12
0.0523085     	7.487784e+01	2.239572e-18	3.420449e-12	-4.380632e-12	-1.337985e-14	9.359730e+01	3.743892e+01	3.743892e+01	9.359730e+01	-9.359730e+01	1.696844e-12	1.723604e-12
0.0528069     	7.474709e+01	2.239626e-18	2.749941e-12	-3.487270e-12	-1.363979e-14	9.343386e+01	3.737354e+01	3.737354e+01	9.343386e+01	-9.343386e+01	1.361331e-12	1.388610e-12
0.0533054     	7.456723e+01	2.239703e-18	1.835812e-12	-2.384895e-12	-1.353323e-14	9.320903e+01	3.728361e+01	3.728361e+01	9.320903e+01	-9.320903e+01	9.043727e-13	9.314391e-13
0.0538039     	7.434648e+01	2.239799e-18	1.182597e-12	-1.403306e-12	-1.133093e-14	9.293310e+01	3.717324e+01	3.717324e+01	9.293310e+01	-9.293310e+01	5.799675e-13	6.026293e-13
0.0543024     	7.409421e+01	2.239911e-18	1.951615e-13	-4.724979e-13	-9.932511e-15	9.261776e+01	3.704710e+01	3.704710e+01	9.261776e+01	-9.261776e+01	8.764822e-14	1.075132e-13
0.054801      	7.382029e+01	2.240031e-18	-4.091811e-13	4.817662e-13	-1.144870e-14	9.227537e+01	3.691015e+01	3.691015e+01	9.227537e+01	-9.227537e+01	-2.160393e-13	-1.931419e-13
0.0552995     	7.353483e+01	2.240151e-18	-1.157584e-12	1.578775e-12	-1.182138e-14	9.191854e+01	3.676742e+01	3.676742e+01	9.191854e+01	-9.191854e+01	-5.906131e-13	-5.669704e-13
0.0557981     	7.324766e+01	2.240261e-18	-1.994586e-12	2.182305e-12	-1.147355e-14	9.155958e+01	3.662383e+01	3.662383e+01	9.155958e+01	-9.155958e+01	-1.008767e-12	-9.858195e-13
0.0562968     	7.296829e+01	2.240349e-18	-2.672025e-12	3.218370e-12	-1.051245e-14	9.121037e+01	3.648415e+01	3.648415e+01	9.121037e+01	-9.121037e+01	-1.346525e-12	-1.325500e-12
0.0567955     	7.270548e+01	2.240408e-18	-3.072417e-12	3.552060e-12	-9.474844e-15	9.088185e+01	3.635274e+01	3.635274e+01	9.088185e+01	-9.088185e+01	-1.545683e-12	-1.526734e-12
0.0572943     	7.246687e+01	2.240433e-18	-2.938789e-12	3.682607e-12	-9.862374e-15	9.058359e+01	3.623344e+01	3.623344e+01	9.058359e+01	-9.058359e+01	-1.479257e-12	-1.459532e-12
0.057793      	7.225920e+01	2.240421e-18	-3.337809e-12	3.891306e-12	-9.472605e-15	9.032400e+01	3.612960e+01	3.612960e+01	9.032400e+01	-9.032400e+01	-1.678377e-12	-1.659432e-12
0.0582918     	7.208784e+01	2.240368e-18	-2.694139e-12	3.335016e-12	-8.403865e-15	9.010981e+01	3.604392e+01	3.604392e+01	9.010981e+01	-9.010981e+01	-1.355474e-12	-1.338666e-12
0.0587907     	7.195675e+01	2.240273e-18	-1.966349e-12	3.271312e-12	-7.500445e-15	8.994594e+01	3.597838e+01	3.597838e+01	8.994594e+01	-8.994594e+01	-9.906749e-13	-9.756741e-13
0.0592896     	7.186820e+01	2.240138e-18	-1.692218e-12	1.611363e-12	-7.449128e-15	8.983525e+01	3.593410e+01	3.593410e+01	8.983525e+01	-8.983525e+01	-8.535581e-13	-8.386598e-13
0.0597885     	7.182270e+01	2.239961e-18	-1.050349e-12	1.389346e-12	-8.480199e-15	8.977837e+01	3.591135e+01	3.591135e+01	8.977837e+01	-8.977837e+01	-5.336549e-13	-5.166945e-13
0.0602874     	7.181911e+01	2.239743e-18	-2.194594e-14	-1.060254e-13	-4.681861e-15	8.977388e+01	3.590955e+01	3.590955e+01	8.977388e+01	-8.977388e+01	-1.565483e-14	-6.291107e-15
0.0607863     	7.185474e+01	2.239489e-18	1.256315e-12	-1.634418e-12	-6.654822e-15	8.981842e+01	3.592737e+01	3.592737e+01	8.981842e+01	-8.981842e+01	6.215025e-13	6.348121e-13
0.0612853     	7.192549e+01	2.239204e-18	2.673716e-12	-2.957031e-12	-6.804344e-15	8.990686e+01	3.596274e+01	3.596274e+01	8.990686e+01	-8.990686e+01	1.330054e-12	1.343662e-12
0.0617842     	7.202589e+01	2.238899e-18	3.896323e-12	-4.868782e-12	-5.273720e-15	9.003236e+01	3.601295e+01	3.601295e+01	9.003236e+01	-9.003236e+01	1.942888e-12	1.953435e-12
0.0622831     	7.214950e+01	2.238582e-18	5.176013e-12	-6.357327e-12	-4.995641e-15	9.018687e+01	3.607475e+01	3.607475e+01	9.018687e+01	-9.018687e+01	2.583011e-12	2.593002e-12
0.062782      	7.228925e+01	2.238265e-18	6.562542e-12	-8.267738e-12	-1.606600e-15	9.036156e+01	3.614462e+01	3.614462e+01	9.036156e+01	-9.036156e+01	3.279664e-12	3.282878e-12
0.0632808     	7.243770e+01	2.237957e-18	8.046586e-12	-9.636264e-12	-2.327719e-15	9.054713e+01	3.621885e+01	3.621885e+01	9.054713e+01	-9.054713e+01	4.020965e-12	4.025621e-12
0.0637797     	7.258743e+01	2.237665e-18	9.453642e-12	-1.188163e-11	-1.398503e-15	9.073428e+01	3.629371e+01	3.629371e+01	9.073428e+01	-9.073428e+01	4.725422e-12	4.728219e-12
0.0642785     	7.273124e+01	2.237394e-18	1.039782e-11	-1.334886e-11	-5.529468e-16	9.091405e+01	3.636562e+01	3.636562e+01	9.091405e+01	-9.091405e+01	5.198355e-12	5.199461e-12
0.0647772     	7.286239e+01	2.237148e-18	1.139468e-11	-1.416479e-11	2.924476e-15	9.107799e+01	3.643120e+01	3.643120e+01	9.107799e+01	-9.107799e+01	5.700264e-12	5.694415e-12
0.0652759     	7.297472e+01	2.236931e-18	1.257027e-11	-1.569668e-11	1.544230e-15	9.121841e+01	3.648736e+01	3.648736e+01	9.121841e+01	-9.121841e+01	6.286681e-12	6.283592e-12
0.0657746     	7.306279e+01	2.236748e-18	1.333774e-11	-1.652743e-11	4.858059e-15	9.132849e+01	3.653140e+01	3.653140e+01	9.132849e+01	-9.132849e+01	6.673728e-12	6.664012e-12
0.0662733     	7.312217e+01	2.236600e-18	1.395591e-11	-1.729564e-11	9.422937e-15	9.140272e+01	3.656109e+01	3.656109e+01	9.140272e+01	-9.140272e+01	6.987379e-12	6.968533e-12
0.066772      	7.314943e+01	2.236486e-18	1.439977e-11	-1.799449e-11	7.978830e-15	9.143678e+01	3.657471e+01	3.657471e+01	9.143678e+01	-9.143678e+01	7.207865e-12	7.191907e-12
0.0672706     	7.314272e+01	2.236406e-18	1.458293e-11	-1.789578e-11	1.129290e-14	9.142840e+01	3.657136e+01	3.657136e+01	9.142840e+01	-9.142840e+01	7.302757e-12	7.280171e-12
0.0677692     	7.310160e+01	2.236359e-18	1.431054e-11	-1.796741e-11	1.252116e-14	9.137701e+01	3.655080e+01	3.655080e+01	9.137701e+01	-9.137701e+01	7.167789e-12	7.142746e-12
0.0682678     	7.302697e+01	2.236346e-18	1.422540e-11	-1.740122e-11	1.101604e-14	9.128372e+01	3.651349e+01	3.651349e+01	9.128372e+01	-9.128372e+01	7.123718e-12	7.101686e-12
0.0687664     	7.292095e+01	2.236362e-18	1.345307e-11	-1.710753e-11	1.492253e-14	9.115119e+01	3.646048e+01	3.646048e+01	9.115119e+01	-9.115119e+01	6.741459e-12	6.711614e-12
0.069265      	7.278677e+01	2.236408e-18	1.289025e-11	-1.618941e-11	1.951503e-14	9.098347e+01	3.639339e+01	3.639339e+01	9.098347e+01	-9.098347e+01	6.464640e-12	6.425610e-12
0.0697637     	7.262870e+01	2.236481e-18	1.191961e-11	-1.520014e-11	1.807924e-14	9.078588e+01	3.631435e+01	3.631435e+01	9.078588e+01	-9.078588e+01	5.977886e-12	5.941728e-12
0.0702623     	7.245190e+01	2.236581e-18	1.103873e-11	-1.367008e-11	2.142198e-14	9.056487e+01	3.622595e+01	3.622595e+01	9.056487e+01	-9.056487e+01	5.540788e-12	5.497944e-12
0.070761      	7.226209e+01	2.236699e-18	1.018476e-11	-1.223874e-11	2.348476e-14	9.032761e+01	3.613104e+01	3.613104e+01	9.032761e+01	-9.032761e+01	5.115867e-12	5.068898e-12
0.0712597     	7.206535e+01	2.236829e-18	8.869695e-12	-1.118083e-11	2.293531e-14	9.008169e+01	3.603268e+01	3.603268e+01	9.008169e+01	-9.008169e+01	4.457783e-12	4.411912e-12
0.0717585     	7.186782e+01	2.236960e-18	7.827957e-12	-9.500798e-12	2.234594e-14	8.983477e+01	3.593391e+01	3.593391e+01	8.983477e+01	-8.983477e+01	3.936324e-12	3.891632e-12
0.0722573     	7.167547e+01	2.237078e-18	6.490573e-12	-8.219270e-12	2.013881e-14	8.959433e+01	3.583773e+01	3.583773e+01	8.959433e+01	-8.959433e+01	3.265425e-12	3.225148e-12
0.0727561     	7.149389e+01	2.237180e-18	5.477271e-12	-6.746146e-12	2.244181e-14	8.936736e+01	3.574694e+01	3.574694e+01	8.936736e+01	-8.936736e+01	2.761077e-12	2.716194e-12
0.073255      	7.132795e+01	2.237258e-18	4.216380e-12	-5.521213e-12	1.907265e-14	8.915994e+01	3.566397e+01	3.566397e+01	8.915994e+01	-8.915994e+01	2.127263e-12	2.089118e-12
0.0737539     	7.118187e+01	2.237307e-18	3.334231e-12	-4.072810e-12	1.830538e-14	8.897734e+01	3.559094e+01	3.559094e+01	8.897734e+01	-8.897734e+01	1.685421e-12	1.648810e-12
0.0742528     	7.105912e+01	2.237323e-18	2.244104e-12	-2.628613e-12	1.652490e-14	8.882390e+01	3.552956e+01	3.552956e+01	8.882390e+01	-8.882390e+01	1.138577e-12	1.105527e-12
0.0747518     	7.096220e+01	2.237302e-18	1.579649e-12	-1.927967e-12	1.672312e-14	8.870275e+01	3.548110e+01	3.548110e+01	8.870275e+01	-8.870275e+01	8.065475e-13	7.731013e-13
0.0752508     	7.089255e+01	2.237243e-18	8.807334e-13	-8.588866e-13	1.276000e-14	8.861568e+01	3.544627e+01	3.544627e+01	8.861568e+01	-8.861568e+01	4.531267e-13	4.276067e-13
0.0757498     	7.085051e+01	2.237142e-18	-6.246755e-14	1.809432e-13	1.008975e-14	8.856314e+01	3.542526e+01	3.542526e+01	8.856314e+01	-8.856314e+01	-2.114403e-14	-4.132352e-14
0.0762488     	7.083534e+01	2.236999e-18	-7.064310e-13	7.174284e-13	1.123994e-14	8.854417e+01	3.541767e+01	3.541767e+01	8.854417e+01	-8.854417e+01	-3.419756e-13	-3.644555e-13
0.0767479     	7.084521e+01	2.236816e-18	-1.066556e-12	1.645238e-12	6.686787e-15	8.855651e+01	3.542260e+01	3.542260e+01	8.855651e+01	-8.855651e+01	-5.265912e-13	-5.399648e-13
0.0772469     	7.087736e+01	2.236599e-18	-1.385947e-12	1.580648e-12	4.522778e-15	8.859670e+01	3.543868e+01	3.543868e+01	8.859670e+01	-8.859670e+01	-6.884506e-13	-6.974961e-13
0.0777459     	7.092813e+01	2.236354e-18	-1.820920e-12	2.164265e-12	2.587257e-15	8.866016e+01	3.546406e+01	3.546406e+01	8.866016e+01	-8.866016e+01	-9.078728e-13	-9.130473e-13
0.0782449     	7.099313e+01	2.236087e-18	-1.962998e-12	1.918525e-12	1.103017e-15	8.874141e+01	3.549656e+01	3.549656e+01	8.874141e+01	-8.874141e+01	-9.803958e-13	-9.826018e-13
0.0787439     	7.106754e+01	2.235810e-18	-1.619954e-12	2.223747e-12	-2.095118e-15	8.883443e+01	3.553377e+01	3.553377e+01	8.883443e+01	-8.883443e+01	-8.120719e-13	-8.078817e-13
0.0792429     	7.114628e+01	2.235530e-18	-1.693902e-12	2.223661e-12	-3.443386e-15	8.893284e+01	3.557314e+01	3.557314e+01	8.893284e+01	-8.893284e+01	-8.503944e-13	-8.435076e-13
0.0797419     	7.122416e+01	2.235253e-18	-1.707672e-12	1.911618e-12	-3.993531e-15	8.903020e+01	3.561208e+01	3.561208e+01	8.903020e+01	-8.903020e+01	-8.578296e-13	-8.498426e-13
0.0802409     	7.129621e+01	2.234983e-18	-1.055331e-12	1.632669e-12	-7.241883e-15	8.912026e+01	3.564810e+01	3.564810e+01	8.912026e+01	-8.912026e+01	-5.349073e-13	-5.204235e-13
0.0807399     	7.135781e+01	2.234729e-18	-1.131124e-12	1.360267e-12	-7.555798e-15	8.919726e+01	3.567890e+01	3.567890e+01	8.919726e+01	-8.919726e+01	-5.731178e-13	-5.580062e-13
0.0812389     	7.140486e+01	2.234491e-18	-5.460072e-13	1.018715e-12	-9.812450e-15	8.925607e+01	3.570243e+01	3.570243e+01	8.925607e+01	-8.925607e+01	-2.828161e-13	-2.631912e-13
0.0817378     	7.143392e+01	2.234275e-18	-4.489597e-13	5.136241e-13	-9.188985e-15	8.929240e+01	3.571696e+01	3.571696e+01	8.929240e+01	-8.929240e+01	-2.336689e-13	-2.152909e-13
0.0822368     	7.144229e+01	2.234083e-18	1.523528e-13	-1.315968e-13	-1.391434e-14	8.930287e+01	3.572115e+01	3.572115e+01	8.930287e+01	-8.930287e+01	6.226208e-14	9.009077e-14
0.0827357     	7.142809e+01	2.233913e-18	5.095158e-13	-6.490205e-13	-1.300481e-14	8.928511e+01	3.571404e+01	3.571404e+01	8.928511e+01	-8.928511e+01	2.417531e-13	2.677627e-13
0.0832347     	7.139020e+01	2.233768e-18	9.729606e-13	-9.509347e-13	-1.551783e-14	8.923775e+01	3.569510e+01	3.569510e+01	8.923775e+01	-8.923775e+01	4.709625e-13	5.019981e-13
0.0837337     	7.132854e+01	2.233649e-18	1.569503e-12	-1.855424e-12	-1.576432e-14	8.916068e+01	3.566427e+01	3.566427e+01	8.916068e+01	-8.916068e+01	7.689874e-13	8.005160e-13
0.0842326     	7.124406e+01	2.233558e-18	1.908713e-12	-2.095297e-12	-1.716156e-14	8.905507e+01	3.562203e+01	3.562203e+01	8.905507e+01	-8.905507e+01	9.371948e-13	9.715179e-13
0.0847316     	7.113854e+01	2.233494e-18	2.104284e-12	-2.739032e-12	-1.654146e-14	8.892318e+01	3.556927e+01	3.556927e+01	8.892318e+01	-8.892318e+01	1.035600e-12	1.068683e-12
0.0852307     	7.101462e+01	2.233458e-18	2.279779e-12	-2.870500e-12	-1.986267e-14	8.876828e+01	3.550731e+01	3.550731e+01	8.876828e+01	-8.876828e+01	1.120027e-12	1.159752e-12
0.0857297     	7.087563e+01	2.233451e-18	2.430017e-12	-3.041682e-12	-1.671330e-14	8.859453e+01	3.543781e+01	3.543781e+01	8.859453e+01	-8.859453e+01	1.198295e-12	1.231722e-12
0.0862287     	7.072542e+01	2.233472e-18	2.615307e-12	-3.193857e-12	-1.767527e-14	8.840677e+01	3.536271e+01	3.536271e+01	8.840677e+01	-8.840677e+01	1.289978e-12	1.325329e-12
0.0867278     	7.056832e+01	2.233521e-18	2.981518e-12	-3.063158e-12	-2.085202e-14	8.821040e+01	3.528416e+01	3.528416e+01	8.821040e+01	-8.821040e+01	1.469907e-12	1.511611e-12
0.0872269     	7.040887e+01	2.233589e-18	2.521918e-12	-3.427629e-12	-1.910891e-14	8.801109e+01	3.520444e+01	3.520444e+01	8.801109e+01	-8.801109e+01	1.241850e-12	1.280068e-12
0.087726      	7.025158e+01	2.233666e-18	2.386356e-12	-3.332259e-12	-2.072155e-14	8.781447e+01	3.512579e+01	3.512579e+01	8.781447e+01	-8.781447e+01	1.172456e-12	1.213899e-12
0.0882251     	7.010084e+01	2.233742e-18	2.422925e-12	-2.969106e-12	-2.067001e-14	8.762605e+01	3.505042e+01	3.505042e+01	8.762605e+01	-8.762605e+01	1.190792e-12	1.232132e-12
0.0887242     	6.996074e+01	2.233812e-18	2.085853e-12	-2.608468e-12	-2.398132e-14	8.745092e+01	3.498037e+01	3.498037e+01	8.745092e+01	-8.745092e+01	1.018945e-12	1.066908e-12
0.0892234     	6.983481e+01	2.233870e-18	1.924189e-12	-2.285406e-12	-2.477151e-14	8.729351e+01	3.491740e+01	3.491740e+01	8.729351e+01	-8.729351e+01	9.373232e-13	9.868662e-13
0.0897225     	6.972599e+01	2.233908e-18	1.422669e-12	-1.758964e-12	-2.585580e-14	8.715749e+01	3.486300e+01	3.486300e+01	8.715749e+01	-8.715749e+01	6.854788e-13	7.371904e-13
0.0902217     	6.963654e+01	2.233924e-18	7.514645e-13	-9.152192e-13	-2.348812e-14	8.704568e+01	3.481827e+01	3.481827e+01	8.704568e+01	-8.704568e+01	3.522441e-13	3.992204e-13
0.0907208     	6.956799e+01	2.233914e-18	-1.563944e-13	2.414076e-13	-2.554238e-14	8.695999e+01	3.478399e+01	3.478399e+01	8.695999e+01	-8.695999e+01	-1.037396e-13	-5.265481e-14
0.0912201     	6.952102e+01	2.233875e-18	-5.047924e-13	8.930730e-13	-2.144861e-14	8.690127e+01	3.476051e+01	3.476051e+01	8.690127e+01	-8.690127e+01	-2.738448e-13	-2.309476e-13
0.0917193     	6.949548e+01	2.233802e-18	-1.748837e-12	1.995187e-12	-2.003182e-14	8.686935e+01	3.474774e+01	3.474774e+01	8.686935e+01	-8.686935e+01	-8.944505e-13	-8.543868e-13
0.0922185     	6.949040e+01	2.233694e-18	-2.639629e-12	3.461053e-12	-1.904675e-14	8.686301e+01	3.474520e+01	3.474520e+01	8.686301e+01	-8.686301e+01	-1.338861e-12	-1.300768e-12
0.0927177     	6.950403e+01	2.233554e-18	-3.594430e-12	4.565998e-12	-1.997985e-14	8.688004e+01	3.475202e+01	3.475202e+01	8.688004e+01	-8.688004e+01	-1.817195e-12	-1.777235e-12
0.0932169     	6.953386e+01	2.233385e-18	-4.539714e-12	5.926407e-12	-1.928638e-14	8.691733e+01	3.476693e+01	3.476693e+01	8.691733e+01	-8.691733e+01	-2.289144e-12	-2.250571e-12
0.0937161     	6.957677e+01	2.233191e-18	-5.914292e-12	7.460738e-12	-2.130837e-14	8.697096e+01	3.478839e+01	3.478839e+01	8.697096e+01	-8.697096e+01	-2.978454e-12	-2.935838e-12
0.0942153     	6.962909e+01	2.232980e-18	-7.101539e-12	9.143038e-12	-1.855233e-14	8.703636e+01	3.481454e+01	3.481454e+01	8.703636e+01	-8.703636e+01	-3.569322e-12	-3.532217e-12
0.0947144     	6.968684e+01	2.232760e-18	-8.689054e-12	1.050857e-11	-1.746613e-14	8.710855e+01	3.484342e+01	3.484342e+01	8.710855e+01	-8.710855e+01	-4.361993e-12	-4.327061e-12
0.0952136     	6.974589e+01	2.232538e-18	-1.002766e-11	1.227577e-11	-1.740024e-14	8.718236e+01	3.487294e+01	3.487294e+01	8.718236e+01	-8.718236e+01	-5.031229e-12	-4.996428e-12
0.0957127     	6.980209e+01	2.232320e-18	-1.139926e-11	1.426332e-11	-1.605554e-14	8.725261e+01	3.490105e+01	3.490105e+01	8.725261e+01	-8.725261e+01	-5.715683e-12	-5.683572e-12
0.0962118     	6.985147e+01	2.232108e-18	-1.255729e-11	1.547336e-11	-1.398542e-14	8.731434e+01	3.492574e+01	3.492574e+01	8.731434e+01	-8.731434e+01	-6.292629e-12	-6.264658e-12
0.0967109     	6.989040e+01	2.231906e-18	-1.369343e-11	1.701694e-11	-1.656482e-14	8.736300e+01	3.494520e+01	3.494520e+01	8.736300e+01	-8.736300e+01	-6.863281e-12	-6.830151e-12
0.09721       	6.991570e+01	2.231719e-18	-1.529708e-11	1.860697e-11	-1.037329e-14	8.739463e+01	3.495785e+01	3.495785e+01	8.739463e+01	-8.739463e+01	-7.658913e-12	-7.638167e-12
0.097709      	6.992476e+01	2.231547e-18	-1.603194e-11	1.993604e-11	-9.128356e-15	8.740596e+01	3.496238e+01	3.496238e+01	8.740596e+01	-8.740596e+01	-8.025097e-12	-8.006841e-12
0.0982081     	6.991565e+01	2.231393e-18	-1.729415e-11	2.172073e-11	-6.637951e-15	8.739456e+01	3.495782e+01	3.495782e+01	8.739456e+01	-8.739456e+01	-8.653715e-12	-8.640439e-12
0.0987072     	6.988715e+01	2.231257e-18	-1.824931e-11	2.292747e-11	-6.007635e-15	8.735894e+01	3.494358e+01	3.494358e+01	8.735894e+01	-8.735894e+01	-9.130662e-12	-9.118647e-12
0.0992062     	6.983881e+01	2.231140e-18	-1.945235e-11	2.445843e-11	-7.161257e-15	8.729852e+01	3.491941e+01	3.491941e+01	8.729852e+01	-8.729852e+01	-9.733335e-12	-9.719012e-12
0.0997053     	6.977080e+01	2.231042e-18	-2.022514e-11	2.533752e-11	-9.326568e-15	8.721350e+01	3.488540e+01	3.488540e+01	8.721350e+01	-8.721350e+01	-1.012190e-11	-1.010324e-11
0.100204      	6.968412e+01	2.230966e-18	-2.140367e-11	2.689598e-11	-4.245178e-15	8.710515e+01	3.484206e+01	3.484206e+01	8.710515e+01	-8.710515e+01	-1.070608e-11	-1.069759e-11
0.100703      	6.958051e+01	2.230912e-18	-2.191896e-11	2.712047e-11	-6.296211e-15	8.697564e+01	3.479026e+01	3.479026e+01	8.697564e+01	-8.697564e+01	-1.096577e-11	-1.095318e-11
0.101203      	6.946232e+01	2.230881e-18	-2.263377e-11	2.782651e-11	-5.572273e-15	8.682790e+01	3.473116e+01	3.473116e+01	8.682790e+01	-8.682790e+01	-1.132246e-11	-1.131131e-11
0.101702      	6.933248e+01	2.230873e-18	-2.269719e-11	2.832795e-11	-8.098672e-15	8.666560e+01	3.466624e+01	3.466624e+01	8.666560e+01	-8.666560e+01	-1.135669e-11	-1.134050e-11
0.102201      	6.919435e+01	2.230889e-18	-2.284494e-11	2.896185e-11	-5.964126e-15	8.649294e+01	3.459718e+01	3.459718e+01	8.649294e+01	-8.649294e+01	-1.142843e-11	-1.141650e-11
0.1027        	6.905158e+01	2.230928e-18	-2.327003e-11	2.902291e-11	-8.748825e-15	8.631448e+01	3.452579e+01	3.452579e+01	8.631448e+01	-8.631448e+01	-1.164376e-11	-1.162626e-11
0.103199      	6.890800e+01	2.230982e-18	-2.259819e-11	2.879858e-11	-9.790260e-15	8.613500e+01	3.445400e+01	3.445400e+01	8.613500e+01	-8.613500e+01	-1.130888e-11	-1.128930e-11
0.103698      	6.876734e+01	2.231042e-18	-2.238262e-11	2.802583e-11	-8.332479e-15	8.595918e+01	3.438367e+01	3.438367e+01	8.595918e+01	-8.595918e+01	-1.119964e-11	-1.118298e-11
0.104198      	6.863321e+01	2.231100e-18	-2.192560e-11	2.745629e-11	-1.122990e-14	8.579151e+01	3.431661e+01	3.431661e+01	8.579151e+01	-8.579151e+01	-1.097403e-11	-1.095157e-11
0.104697      	6.850888e+01	2.231151e-18	-2.100688e-11	2.622344e-11	-1.024683e-14	8.563610e+01	3.425444e+01	3.425444e+01	8.563610e+01	-8.563610e+01	-1.051369e-11	-1.049319e-11
0.105196      	6.839719e+01	2.231188e-18	-1.977513e-11	2.472819e-11	-1.123717e-14	8.549649e+01	3.419860e+01	3.419860e+01	8.549649e+01	-8.549649e+01	-9.898801e-12	-9.876327e-12
0.105695      	6.830044e+01	2.231206e-18	-1.838009e-11	2.305315e-11	-1.498966e-14	8.537555e+01	3.415022e+01	3.415022e+01	8.537555e+01	-8.537555e+01	-9.205032e-12	-9.175053e-12
0.106195      	6.822032e+01	2.231200e-18	-1.660828e-11	2.085186e-11	-1.558669e-14	8.527540e+01	3.411016e+01	3.411016e+01	8.527540e+01	-8.527540e+01	-8.319726e-12	-8.288553e-12
0.106694      	6.815794e+01	2.231168e-18	-1.479828e-11	1.839507e-11	-1.512430e-14	8.519743e+01	3.407897e+01	3.407897e+01	8.519743e+01	-8.519743e+01	-7.414265e-12	-7.384016e-12
0.107194      	6.811371e+01	2.231105e-18	-1.273723e-11	1.551059e-11	-1.334998e-14	8.514213e+01	3.405685e+01	3.405685e+01	8.514213e+01	-8.514213e+01	-6.381965e-12	-6.355265e-12
0.107693      	6.808731e+01	2.231007e-18	-1.046718e-11	1.254307e-11	-1.253108e-14	8.510913e+01	3.404365e+01	3.404365e+01	8.510913e+01	-8.510913e+01	-5.246119e-12	-5.221057e-12
0.108192      	6.807777e+01	2.230874e-18	-7.943439e-12	9.701412e-12	-1.595811e-14	8.509721e+01	3.403888e+01	3.403888e+01	8.509721e+01	-8.509721e+01	-3.987677e-12	-3.955761e-12
0.108692      	6.808346e+01	2.230709e-18	-5.448703e-12	6.417741e-12	-1.314564e-14	8.510432e+01	3.404173e+01	3.404173e+01	8.510432e+01	-8.510432e+01	-2.737497e-12	-2.711206e-12
0.109191      	6.810216e+01	2.230514e-18	-2.326728e-12	3.214235e-12	-9.629062e-15	8.512770e+01	3.405108e+01	3.405108e+01	8.512770e+01	-8.512770e+01	-1.172993e-12	-1.153735e-12
0.109691      	6.813114e+01	2.230295e-18	3.704044e-13	-5.460510e-13	-5.115562e-15	8.516393e+01	3.406557e+01	3.406557e+01	8.516393e+01	-8.516393e+01	1.800867e-13	1.903178e-13
0.11019       	6.816725e+01	2.230059e-18	3.305754e-12	-4.229478e-12	-5.524920e-15	8.520907e+01	3.408363e+01	3.408363e+01	8.520907e+01	-8.520907e+01	1.647352e-12	1.658402e-12
0.110689      	6.820711e+01	2.229815e-18	6.297579e-12	-7.743355e-12	-2.804328e-15	8.525888e+01	3.410355e+01	3.410355e+01	8.525888e+01	-8.525888e+01	3.145985e-12	3.151594e-12
0.111189      	6.824721e+01	2.229567e-18	9.092037e-12	-1.143246e-11	1.969867e-15	8.530901e+01	3.412360e+01	3.412360e+01	8.530901e+01	-8.530901e+01	4.547989e-12	4.544049e-12
0.111688      	6.828412e+01	2.229324e-18	1.206547e-11	-1.457167e-11	5.755861e-15	8.535515e+01	3.414206e+01	3.414206e+01	8.535515e+01	-8.535515e+01	6.038489e-12	6.026978e-12
0.112187      	6.831458e+01	2.229087e-18	1.427622e-11	-1.768676e-11	6.201269e-15	8.539323e+01	3.415729e+01	3.415729e+01	8.539323e+01	-8.539323e+01	7.144309e-12	7.131906e-12
0.112687      	6.833563e+01	2.228863e-18	1.652871e-11	-2.079522e-11	9.643021e-15	8.541954e+01	3.416782e+01	3.416782e+01	8.541954e+01	-8.541954e+01	8.274000e-12	8.254714e-12
0.113186      	6.834471e+01	2.228655e-18	1.823999e-11	-2.329119e-11	1.195435e-14	8.543088e+01	3.417235e+01	3.417235e+01	8.543088e+01	-8.543088e+01	9.131951e-12	9.108042e-12
0.113685      	6.833973e+01	2.228464e-18	1.995910e-11	-2.531207e-11	1.450586e-14	8.542466e+01	3.416987e+01	3.416987e+01	8.542466e+01	-8.542466e+01	9.994055e-12	9.965043e-12
0.114184      	6.831924e+01	2.228292e-18	2.135369e-11	-2.677549e-11	1.799092e-14	8.539905e+01	3.415962e+01	3.415962e+01	8.539905e+01	-8.539905e+01	1.069484e-11	1.065886e-11
0.114684      	6.828238e+01	2.228141e-18	2.199606e-11	-2.736548e-11	2.079985e-14	8.535298e+01	3.414119e+01	3.414119e+01	8.535298e+01	-8.535298e+01	1.101883e-11	1.097723e-11
0.115183      	6.822896e+01	2.228012e-18	2.221401e-11	-2.779303e-11	2.098711e-14	8.528620e+01	3.411448e+01	3.411448e+01	8.528620e+01	-8.528620e+01	1.112799e-11	1.108602e-11
0.115682      	6.815939e+01	2.227906e-18	2.198598e-11	-2.772334e-11	2.315353e-14	8.519924e+01	3.407969e+01	3.407969e+01	8.519924e+01	-8.519924e+01	1.101614e-11	1.096984e-11
0.116181      	6.807461e+01	2.227826e-18	2.125362e-11	-2.648095e-11	2.322610e-14	8.509326e+01	3.403730e+01	3.403730e+01	8.509326e+01	-8.509326e+01	1.065003e-11	1.060358e-11
0.116681      	6.797621e+01	2.227773e-18	1.990266e-11	-2.547530e-11	2.287282e-14	8.497027e+01	3.398811e+01	3.398811e+01	8.497027e+01	-8.497027e+01	9.974204e-12	9.928459e-12
0.11718       	6.786636e+01	2.227746e-18	1.863461e-11	-2.302994e-11	2.230550e-14	8.483295e+01	3.393318e+01	3.393318e+01	8.483295e+01	-8.483295e+01	9.339609e-12	9.294998e-12
0.117679      	6.774760e+01	2.227746e-18	1.631435e-11	-2.060200e-11	1.931992e-14	8.468451e+01	3.387380e+01	3.387380e+01	8.468451e+01	-8.468451e+01	8.176493e-12	8.137853e-12
0.118179      	6.762289e+01	2.227773e-18	1.386628e-11	-1.683285e-11	1.593276e-14	8.452861e+01	3.381144e+01	3.381144e+01	8.452861e+01	-8.452861e+01	6.949072e-12	6.917206e-12
0.118678      	6.749532e+01	2.227827e-18	1.102886e-11	-1.371277e-11	1.439842e-14	8.436914e+01	3.374766e+01	3.374766e+01	8.436914e+01	-8.436914e+01	5.528831e-12	5.500034e-12
0.119177      	6.736811e+01	2.227900e-18	7.799847e-12	-9.473904e-12	1.077635e-14	8.421013e+01	3.368405e+01	3.368405e+01	8.421013e+01	-8.421013e+01	3.910700e-12	3.889147e-12
0.119677      	6.724443e+01	2.227983e-18	4.046413e-12	-4.941288e-12	7.103414e-15	8.405554e+01	3.362222e+01	3.362222e+01	8.405554e+01	-8.405554e+01	2.030310e-12	2.016103e-12
0.120176      	6.712724e+01	2.228067e-18	3.909768e-13	-3.705746e-13	4.313857e-15	8.390905e+01	3.356362e+01	3.356362e+01	8.390905e+01	-8.390905e+01	1.998022e-13	1.911745e-13
0.120676      	6.701924e+01	2.228147e-18	-3.774683e-12	4.535673e-12	-1.003578e-15	8.377405e+01	3.350962e+01	3.350962e+01	8.377405e+01	-8.377405e+01	-1.888345e-12	-1.886338e-12
0.121175      	6.692269e+01	2.228215e-18	-7.262038e-12	9.433834e-12	-7.399736e-15	8.365336e+01	3.346135e+01	3.346135e+01	8.365336e+01	-8.365336e+01	-3.638419e-12	-3.623619e-12
0.121675      	6.683937e+01	2.228263e-18	-1.133195e-11	1.422131e-11	-7.558414e-15	8.354922e+01	3.341969e+01	3.341969e+01	8.354922e+01	-8.354922e+01	-5.673533e-12	-5.658416e-12
0.122174      	6.677058e+01	2.228288e-18	-1.539605e-11	1.886180e-11	-1.387064e-14	8.346322e+01	3.338529e+01	3.338529e+01	8.346322e+01	-8.346322e+01	-7.711897e-12	-7.684156e-12
0.122674      	6.671703e+01	2.228284e-18	-1.858168e-11	2.347369e-11	-1.859214e-14	8.339629e+01	3.335852e+01	3.335852e+01	8.339629e+01	-8.339629e+01	-9.309430e-12	-9.272246e-12
0.123173      	6.667888e+01	2.228248e-18	-2.189039e-11	2.739848e-11	-2.290910e-14	8.334859e+01	3.333944e+01	3.333944e+01	8.334859e+01	-8.334859e+01	-1.096811e-11	-1.092229e-11
0.123672      	6.665565e+01	2.228173e-18	-2.449984e-11	3.087050e-11	-2.502033e-14	8.331956e+01	3.332782e+01	3.332782e+01	8.331956e+01	-8.331956e+01	-1.227494e-11	-1.222490e-11
0.124172      	6.664632e+01	2.228059e-18	-2.658544e-11	3.410601e-11	-2.895612e-14	8.330789e+01	3.332316e+01	3.332316e+01	8.330789e+01	-8.330789e+01	-1.332167e-11	-1.326376e-11
0.124671      	6.664930e+01	2.227912e-18	-2.893413e-11	3.599447e-11	-3.215742e-14	8.331162e+01	3.332465e+01	3.332465e+01	8.331162e+01	-8.331162e+01	-1.449922e-11	-1.443491e-11
0.125171      	6.666254e+01	2.227730e-18	-2.993952e-11	3.738516e-11	-3.355246e-14	8.332817e+01	3.333127e+01	3.333127e+01	8.332817e+01	-8.332817e+01	-1.500331e-11	-1.493621e-11
0.12567       	6.668355e+01	2.227520e-18	-3.052702e-11	3.809389e-11	-3.392473e-14	8.335444e+01	3.334178e+01	3.334178e+01	8.335444e+01	-8.335444e+01	-1.529743e-11	-1.522958e-11
0.12617       	6.670954e+01	2.227288e-18	-3.038320e-11	3.752072e-11	-3.570016e-14	8.338693e+01	3.335477e+01	3.335477e+01	8.338693e+01	-8.338693e+01	-1.522730e-11	-1.515590e-11
0.126669      	6.673754e+01	2.227042e-18	-2.957975e-11	3.714477e-11	-3.465007e-14	8.342193e+01	3.336877e+01	3.336877e+01	8.342193e+01	-8.342193e+01	-1.482452e-11	-1.475522e-11
0.127169      	6.676454e+01	2.226788e-18	-2.782701e-11	3.472547e-11	-3.472281e-14	8.345568e+01	3.338227e+01	3.338227e+01	8.345568e+01	-8.345568e+01	-1.394823e-11	-1.387878e-11
0.127668      	6.678762e+01	2.226533e-18	-2.589206e-11	3.240455e-11	-3.051391e-14	8.348452e+01	3.339381e+01	3.339381e+01	8.348452e+01	-8.348452e+01	-1.297654e-11	-1.291552e-11
0.128168      	6.680401e+01	2.226279e-18	-2.285117e-11	2.839685e-11	-2.974065e-14	8.350502e+01	3.340201e+01	3.340201e+01	8.350502e+01	-8.350502e+01	-1.145532e-11	-1.139584e-11
0.128667      	6.681128e+01	2.226032e-18	-1.920250e-11	2.438099e-11	-2.905103e-14	8.351410e+01	3.340564e+01	3.340564e+01	8.351410e+01	-8.351410e+01	-9.630301e-12	-9.572199e-12
0.129167      	6.680733e+01	2.225796e-18	-1.538527e-11	1.906990e-11	-2.376570e-14	8.350917e+01	3.340367e+01	3.340367e+01	8.350917e+01	-8.350917e+01	-7.716402e-12	-7.668870e-12
0.129666      	6.679056e+01	2.225571e-18	-1.089646e-11	1.386674e-11	-1.972228e-14	8.348820e+01	3.339528e+01	3.339528e+01	8.348820e+01	-8.348820e+01	-5.467954e-12	-5.428510e-12
0.130166      	6.675985e+01	2.225360e-18	-6.412059e-12	7.844195e-12	-1.411272e-14	8.344981e+01	3.337992e+01	3.337992e+01	8.344981e+01	-8.344981e+01	-3.220142e-12	-3.191917e-12
0.130665      	6.671466e+01	2.225167e-18	-1.361067e-12	1.866894e-12	-9.258851e-15	8.339332e+01	3.335733e+01	3.335733e+01	8.339332e+01	-8.339332e+01	-6.897925e-13	-6.712748e-13
0.131165      	6.665500e+01	2.224994e-18	3.793351e-12	-4.646964e-12	-3.131540e-15	8.331875e+01	3.332750e+01	3.332750e+01	8.331875e+01	-8.331875e+01	1.893544e-12	1.899807e-12
0.131664      	6.658145e+01	2.224841e-18	8.484603e-12	-1.083508e-11	3.469334e-16	8.322681e+01	3.329072e+01	3.329072e+01	8.322681e+01	-8.322681e+01	4.242649e-12	4.241955e-12
0.132164      	6.649500e+01	2.224715e-18	1.336791e-11	-1.674733e-11	6.704002e-15	8.311874e+01	3.324750e+01	3.324750e+01	8.311874e+01	-8.311874e+01	6.690657e-12	6.677249e-12
0.132663      	6.639721e+01	2.224618e-18	1.812026e-11	-2.226576e-11	7.846813e-15	8.299651e+01	3.319860e+01	3.319860e+01	8.299651e+01	-8.299651e+01	9.067978e-12	9.052284e-12
0.133163      	6.629010e+01	2.224547e-18	2.227235e-11	-2.757595e-11	6.788848e-15	8.286263e+01	3.314505e+01	3.314505e+01	8.286263e+01	-8.286263e+01	1.114296e-11	1.112939e-11
0.133662      	6.617605e+01	2.224505e-18	2.557083e-11	-3.215079e-11	9.257605e-15	8.272007e+01	3.308803e+01	3.308803e+01	8.272007e+01	-8.272007e+01	1.279467e-11	1.277616e-11
0.134162      	6.605775e+01	2.224492e-18	2.866724e-11	-3.585028e-11	1.218113e-14	8.257219e+01	3.302888e+01	3.302888e+01	8.257219e+01	-8.257219e+01	1.434580e-11	1.432144e-11
0.134661      	6.593802e+01	2.224509e-18	3.097579e-11	-3.902868e-11	1.409425e-14	8.242252e+01	3.296901e+01	3.296901e+01	8.242252e+01	-8.242252e+01	1.550199e-11	1.547380e-11
0.135161      	6.581968e+01	2.224550e-18	3.300300e-11	-4.096014e-11	1.495130e-14	8.227460e+01	3.290984e+01	3.290984e+01	8.227460e+01	-8.227460e+01	1.651645e-11	1.648655e-11
0.135661      	6.570550e+01	2.224608e-18	3.373571e-11	-4.215781e-11	1.430060e-14	8.213188e+01	3.285275e+01	3.285275e+01	8.213188e+01	-8.213188e+01	1.688216e-11	1.685356e-11
0.13616       	6.559803e+01	2.224675e-18	3.359054e-11	-4.216648e-11	1.223483e-14	8.199754e+01	3.279902e+01	3.279902e+01	8.199754e+01	-8.199754e+01	1.680751e-11	1.678304e-11
0.13666       	6.549956e+01	2.224744e-18	3.286450e-11	-4.103013e-11	1.341153e-14	8.187445e+01	3.274978e+01	3.274978e+01	8.187445e+01	-8.187445e+01	1.644566e-11	1.641884e-11
0.13716       	6.541194e+01	2.224807e-18	3.122058e-11	-3.906254e-11	9.795384e-15	8.176493e+01	3.270597e+01	3.270597e+01	8.176493e+01	-8.176493e+01	1.562008e-11	1.560049e-11
0.13766       	6.533662e+01	2.224858e-18	2.889427e-11	-3.623622e-11	6.757416e-15	8.167077e+01	3.266831e+01	3.266831e+01	8.167077e+01	-8.167077e+01	1.445389e-11	1.444038e-11
0.138159      	6.527458e+01	2.224892e-18	2.528370e-11	-3.196690e-11	3.659201e-15	8.159323e+01	3.263729e+01	3.263729e+01	8.159323e+01	-8.159323e+01	1.264551e-11	1.263819e-11
0.138659      	6.522633e+01	2.224902e-18	2.202091e-11	-2.738343e-11	-1.497611e-15	8.153292e+01	3.261317e+01	3.261317e+01	8.153292e+01	-8.153292e+01	1.100896e-11	1.101195e-11
0.139159      	6.519185e+01	2.224883e-18	1.757673e-11	-2.205382e-11	-5.315586e-15	8.148981e+01	3.259592e+01	3.259592e+01	8.148981e+01	-8.148981e+01	8.783049e-12	8.793680e-12
0.139659      	6.517056e+01	2.224829e-18	1.265674e-11	-1.549970e-11	-7.037301e-15	8.146321e+01	3.258528e+01	3.258528e+01	8.146321e+01	-8.146321e+01	6.321332e-12	6.335406e-12
0.140158      	6.516143e+01	2.224740e-18	7.192508e-12	-9.370631e-12	-1.040186e-14	8.145178e+01	3.258071e+01	3.258071e+01	8.145178e+01	-8.145178e+01	3.585852e-12	3.606656e-12
0.140658      	6.516291e+01	2.224620e-18	2.142441e-12	-2.669756e-12	-1.126638e-14	8.145364e+01	3.258146e+01	3.258146e+01	8.145364e+01	-8.145364e+01	1.059954e-12	1.082487e-12
0.141158      	6.517310e+01	2.224467e-18	-3.655166e-12	4.732310e-12	-1.587958e-14	8.146638e+01	3.258655e+01	3.258655e+01	8.146638e+01	-8.146638e+01	-1.843463e-12	-1.811703e-12
0.141658      	6.518968e+01	2.224289e-18	-9.297204e-12	1.089580e-11	-1.828208e-14	8.148710e+01	3.259484e+01	3.259484e+01	8.148710e+01	-8.148710e+01	-4.666884e-12	-4.630320e-12
0.142157      	6.521011e+01	2.224089e-18	-1.419974e-11	1.784724e-11	-2.298062e-14	8.151264e+01	3.260506e+01	3.260506e+01	8.151264e+01	-8.151264e+01	-7.122850e-12	-7.076889e-12
0.142657      	6.523170e+01	2.223874e-18	-1.909639e-11	2.416814e-11	-2.518037e-14	8.153963e+01	3.261585e+01	3.261585e+01	8.153963e+01	-8.153963e+01	-9.573373e-12	-9.523012e-12
0.143157      	6.525177e+01	2.223651e-18	-2.371310e-11	2.965242e-11	-2.685587e-14	8.156471e+01	3.262588e+01	3.262588e+01	8.156471e+01	-8.156471e+01	-1.188341e-11	-1.182969e-11
0.143656      	6.526772e+01	2.223425e-18	-2.759717e-11	3.449335e-11	-2.575359e-14	8.158466e+01	3.263386e+01	3.263386e+01	8.158466e+01	-8.158466e+01	-1.382434e-11	-1.377283e-11
0.144156      	6.527716e+01	2.223199e-18	-3.045845e-11	3.861241e-11	-2.392130e-14	8.159645e+01	3.263858e+01	3.263858e+01	8.159645e+01	-8.159645e+01	-1.525314e-11	-1.520530e-11
0.144656      	6.527796e+01	2.222978e-18	-3.296686e-11	4.109909e-11	-2.445978e-14	8.159745e+01	3.263898e+01	3.263898e+01	8.159745e+01	-8.159745e+01	-1.650789e-11	-1.645897e-11
0.145155      	6.526837e+01	2.222766e-18	-3.458778e-11	4.257104e-11	-2.178063e-14	8.158546e+01	3.263418e+01	3.263418e+01	8.158546e+01	-8.158546e+01	-1.731567e-11	-1.727211e-11
0.145655      	6.524705e+01	2.222562e-18	-3.494717e-11	4.423863e-11	-1.914911e-14	8.155881e+01	3.262352e+01	3.262352e+01	8.155881e+01	-8.155881e+01	-1.749274e-11	-1.745444e-11
0.146155      	6.521314e+01	2.222369e-18	-3.509023e-11	4.354762e-11	-1.781836e-14	8.151642e+01	3.260657e+01	3.260657e+01	8.151642e+01	-8.151642e+01	-1.756294e-11	-1.752730e-11
0.146654      	6.516626e+01	2.222192e-18	-3.386370e-11	4.256023e-11	-1.230721e-14	8.145782e+01	3.258313e+01	3.258313e+01	8.145782e+01	-8.145782e+01	-1.694416e-11	-1.691954e-11
0.147154      	6.510653e+01	2.222030e-18	-3.201882e-11	3.999021e-11	-1.243784e-14	8.138316e+01	3.255326e+01	3.255326e+01	8.138316e+01	-8.138316e+01	-1.602185e-11	-1.599697e-11
0.147654      	6.503454e+01	2.221886e-18	-2.924541e-11	3.666583e-11	-5.468332e-15	8.129318e+01	3.251727e+01	3.251727e+01	8.129318e+01	-8.129318e+01	-1.462817e-11	-1.461723e-11
0.148153      	6.495132e+01	2.221767e-18	-2.595343e-11	3.234762e-11	-5.612365e-15	8.118915e+01	3.247566e+01	3.247566e+01	8.118915e+01	-8.118915e+01	-1.298233e-11	-1.297110e-11
0.148653      	6.485830e+01	2.221673e-18	-2.207373e-11	2.757829e-11	-1.084355e-15	8.107287e+01	3.242915e+01	3.242915e+01	8.107287e+01	-8.107287e+01	-1.103795e-11	-1.103578e-11
0.149153      	6.475732e+01	2.221603e-18	-1.746417e-11	2.181240e-11	2.479138e-15	8.094665e+01	3.237866e+01	3.237866e+01	8.094665e+01	-8.094665e+01	-8.729604e-12	-8.734562e-12
0.149652      	6.465055e+01	2.221558e-18	-1.281030e-11	1.557777e-11	3.779757e-15	8.081319e+01	3.232527e+01	3.232527e+01	8.081319e+01	-8.081319e+01	-6.401371e-12	-6.408931e-12
0.150152      	6.454037e+01	2.221539e-18	-7.686988e-12	9.632466e-12	5.307209e-15	8.067546e+01	3.227018e+01	3.227018e+01	8.067546e+01	-8.067546e+01	-3.838187e-12	-3.848801e-12
0.150652      	6.442931e+01	2.221544e-18	-2.349159e-12	2.955194e-12	8.960881e-15	8.053663e+01	3.221465e+01	3.221465e+01	8.053663e+01	-8.053663e+01	-1.165619e-12	-1.183540e-12
0.151152      	6.431987e+01	2.221568e-18	2.510113e-12	-3.263221e-12	7.753197e-15	8.039984e+01	3.215994e+01	3.215994e+01	8.039984e+01	-8.039984e+01	1.262810e-12	1.247303e-12
0.151652      	6.421449e+01	2.221604e-18	7.640402e-12	-9.464884e-12	8.650295e-15	8.026811e+01	3.210724e+01	3.210724e+01	8.026811e+01	-8.026811e+01	3.828851e-12	3.811551e-12
0.152151      	6.411538e+01	2.221647e-18	1.240986e-11	-1.528549e-11	1.067090e-14	8.014423e+01	3.205769e+01	3.205769e+01	8.014423e+01	-8.014423e+01	6.215600e-12	6.194258e-12
0.152651      	6.402449e+01	2.221691e-18	1.654066e-11	-2.054496e-11	1.175417e-14	8.003062e+01	3.201225e+01	3.201225e+01	8.003062e+01	-8.003062e+01	8.282082e-12	8.258574e-12
0.153151      	6.394342e+01	2.221729e-18	2.013329e-11	-2.526828e-11	5.598131e-15	7.992927e+01	3.197171e+01	3.197171e+01	7.992927e+01	-7.992927e+01	1.007224e-11	1.006105e-11
0.153651      	6.387332e+01	2.221754e-18	2.325518e-11	-2.912643e-11	7.820448e-15	7.984165e+01	3.193666e+01	3.193666e+01	7.984165e+01	-7.984165e+01	1.163541e-11	1.161977e-11
0.154151      	6.381495e+01	2.221762e-18	2.526802e-11	-3.176409e-11	6.009263e-15	7.976868e+01	3.190747e+01	3.190747e+01	7.976868e+01	-7.976868e+01	1.264002e-11	1.262800e-11
0.154651      	6.376863e+01	2.221746e-18	2.703457e-11	-3.392425e-11	4.691879e-15	7.971079e+01	3.188432e+01	3.188432e+01	7.971079e+01	-7.971079e+01	1.352198e-11	1.351259e-11
0.155151      	6.373424e+01	2.221700e-18	2.793986e-11	-3.452657e-11	1.007577e-15	7.966780e+01	3.186712e+01	3.186712e+01	7.966780e+01	-7.966780e+01	1.397094e-11	1.396892e-11
0.155651      	6.371119e+01	2.221619e-18	2.786720e-11	-3.500623e-11	1.364271e-15	7.963899e+01	3.185560e+01	3.185560e+01	7.963899e+01	-7.963899e+01	1.393496e-11	1.393224e-11
0.156151      	6.369845e+01	2.221506e-18	2.707509e-11	-3.404749e-11	-2.645131e-15	7.962306e+01	3.184922e+01	3.184922e+01	7.962306e+01	-7.962306e+01	1.353490e-11	1.354019e-11
0.156651      	6.369458e+01	2.221363e-18	2.599918e-11	-3.239386e-11	-5.435045e-15	7.961823e+01	3.184729e+01	3.184729e+01	7.961823e+01	-7.961823e+01	1.299415e-11	1.300502e-11
0.157151      	6.369783e+01	2.221188e-18	2.369715e-11	-2.975393e-11	-8.076961e-15	7.962229e+01	3.184892e+01	3.184892e+01	7.962229e+01	-7.962229e+01	1.184050e-11	1.185665e-11
0.15765       	6.370611e+01	2.220989e-18	2.092616e-11	-2.651845e-11	-1.094333e-14	7.963264e+01	3.185306e+01	3.185306e+01	7.963264e+01	-7.963264e+01	1.045214e-11	1.047402e-11
0.15815       	6.371714e+01	2.220770e-18	1.781982e-11	-2.237762e-11	-1.062662e-14	7.964643e+01	3.185857e+01	3.185857e+01	7.964643e+01	-7.964643e+01	8.899286e-12	8.920539e-12
0.15865       	6.372857e+01	2.220539e-18	1.451076e-11	-1.801866e-11	-1.575908e-14	7.966071e+01	3.186428e+01	3.186428e+01	7.966071e+01	-7.966071e+01	7.239620e-12	7.271138e-12
0.15915       	6.373805e+01	2.220297e-18	1.073799e-11	-1.301134e-11	-1.562801e-14	7.967256e+01	3.186903e+01	3.186903e+01	7.967256e+01	-7.967256e+01	5.353369e-12	5.384625e-12
0.15965       	6.374333e+01	2.220052e-18	6.668426e-12	-8.290034e-12	-1.814990e-14	7.967917e+01	3.187167e+01	3.187167e+01	7.967917e+01	-7.967917e+01	3.316063e-12	3.352363e-12
0.16015       	6.374236e+01	2.219809e-18	2.491155e-12	-3.425090e-12	-1.646649e-14	7.967795e+01	3.187118e+01	3.187118e+01	7.967795e+01	-7.967795e+01	1.229111e-12	1.262044e-12
0.16065       	6.373335e+01	2.219574e-18	-1.291380e-12	1.816630e-12	-1.509294e-14	7.966669e+01	3.186668e+01	3.186668e+01	7.966669e+01	-7.966669e+01	-6.607831e-13	-6.305972e-13
0.16115       	6.371487e+01	2.219348e-18	-4.641968e-12	6.145517e-12	-1.478886e-14	7.964358e+01	3.185743e+01	3.185743e+01	7.964358e+01	-7.964358e+01	-2.335773e-12	-2.306195e-12
0.16165       	6.368584e+01	2.219132e-18	-8.230741e-12	1.008734e-11	-1.263529e-14	7.960730e+01	3.184292e+01	3.184292e+01	7.960730e+01	-7.960730e+01	-4.128006e-12	-4.102735e-12
0.16215       	6.364565e+01	2.218929e-18	-1.076288e-11	1.392097e-11	-8.688826e-15	7.955706e+01	3.182283e+01	3.182283e+01	7.955706e+01	-7.955706e+01	-5.390130e-12	-5.372752e-12
0.162649      	6.359411e+01	2.218745e-18	-1.351694e-11	1.700110e-11	-5.863446e-15	7.949263e+01	3.179705e+01	3.179705e+01	7.949263e+01	-7.949263e+01	-6.764336e-12	-6.752609e-12
