-2 	0.12261 	0.00399994 	5.58257e-17 	0.122573 	0.0039987 	5.58017e-17
-1.98 	0.122626 	0.0040825 	-4.35981e-18 	0.122588 	0.00408123 	-4.36396e-18
-1.96 	0.122643 	0.00416589 	-7.10884e-17 	0.122605 	0.00416459 	-7.10702e-17
-1.94 	0.12266 	0.00424819 	-1.39221e-16 	0.122621 	0.00424686 	-1.3918e-16
-1.92 	0.122677 	0.00433549 	-1.56952e-16 	0.122638 	0.00433413 	-1.56904e-16
-1.9 	0.12269 	0.00442272 	-1.24837e-16 	0.122651 	0.00442132 	-1.24798e-16
-1.88 	0.122703 	0.00451171 	-8.96834e-17 	0.122664 	0.00451028 	-8.96562e-17
-1.86 	0.122715 	0.0046046 	-4.78081e-17 	0.122676 	0.00460313 	-4.77939e-17
-1.84 	0.122728 	0.00469749 	-5.93277e-18 	0.122688 	0.00469598 	-5.93165e-18
-1.82 	0.12274 	0.00479225 	1.48154e-17 	0.1227 	0.0047907 	1.48109e-17
-1.8 	0.122749 	0.00488886 	9.73032e-18 	0.122709 	0.00488728 	9.72932e-18
-1.78 	0.122758 	0.00498548 	4.64527e-18 	0.122719 	0.00498387 	4.64773e-18
-1.76 	0.122767 	0.00508793 	1.78428e-17 	0.122728 	0.00508628 	1.78408e-17
-1.74 	0.122776 	0.00519064 	3.18647e-17 	0.122737 	0.00518895 	3.18579e-17
-1.72 	0.122781 	0.00529482 	4.66111e-17 	0.122741 	0.00529309 	4.6598e-17
-1.7 	0.122785 	0.00540234 	4.35546e-17 	0.122744 	0.00540057 	4.35409e-17
-1.68 	0.122789 	0.00550884 	4.43732e-17 	0.122749 	0.00550702 	4.43576e-17
-1.66 	0.122794 	0.00561992 	4.54028e-17 	0.122754 	0.00561807 	4.53855e-17
-1.64 	0.122795 	0.00573259 	4.61907e-17 	0.122754 	0.0057307 	4.61727e-17
-1.62 	0.122794 	0.00584584 	4.6144e-17 	0.122753 	0.00584391 	4.61258e-17
-1.6 	0.122792 	0.00596432 	4.04403e-17 	0.122751 	0.00596234 	4.04236e-17
-1.58 	0.12279 	0.00608279 	3.47366e-17 	0.122749 	0.00608078 	3.47215e-17
-1.56 	0.122784 	0.00620433 	2.86601e-17 	0.122743 	0.00620227 	2.86463e-17
-1.54 	0.122777 	0.00632753 	2.27093e-17 	0.122736 	0.00632543 	2.26964e-17
-1.52 	0.12277 	0.00645072 	1.67585e-17 	0.122729 	0.00644858 	1.67466e-17
-1.5 	0.122762 	0.00658012 	-2.27723e-18 	0.122721 	0.00657794 	-2.28183e-18
-1.48 	0.122747 	0.00670907 	-1.05115e-17 	0.122706 	0.00670685 	-1.05113e-17
-1.46 	0.122732 	0.00684102 	-5.95771e-18 	0.122691 	0.00683876 	-5.95694e-18
-1.44 	0.122716 	0.00697678 	1.48231e-17 	0.122676 	0.00697448 	1.4819e-17
-1.42 	0.122698 	0.00711209 	3.22322e-17 	0.122657 	0.00710975 	3.2224e-17
-1.4 	0.122676 	0.00725278 	2.30425e-17 	0.122635 	0.00725041 	2.30383e-17
-1.38 	0.122654 	0.0073934 	1.38514e-17 	0.122614 	0.00739099 	1.38509e-17
-1.36 	0.122632 	0.00753631 	9.14561e-19 	0.122592 	0.00753387 	9.19187e-19
-1.34 	0.122601 	0.00768312 	6.77009e-18 	0.122562 	0.00768066 	6.77222e-18
-1.32 	0.12257 	0.00782992 	1.32911e-17 	0.122531 	0.00782743 	1.32905e-17
-1.3 	0.122538 	0.00798266 	3.77647e-17 	0.122499 	0.00798013 	3.77539e-17
-1.28 	0.1225 	0.00813505 	5.82703e-17 	0.122462 	0.00813249 	5.82502e-17
-1.26 	0.122461 	0.0082894 	7.21984e-17 	0.122422 	0.00828682 	7.21715e-17
-1.24 	0.122421 	0.00844845 	7.9332e-17 	0.122383 	0.00844584 	7.93008e-17
-1.22 	0.122376 	0.00860752 	6.9027e-17 	0.122339 	0.0086049 	6.89988e-17
-1.2 	0.122325 	0.00877255 	3.71855e-17 	0.122288 	0.00876992 	3.7169e-17
-1.18 	0.122273 	0.00893879 	3.85023e-18 	0.122237 	0.00893614 	3.84606e-18
-1.16 	0.122216 	0.00910588 	-1.62026e-17 	0.12218 	0.00910321 	-1.62002e-17
-1.14 	0.122153 	0.0092767 	-2.72433e-17 	0.122118 	0.009274 	-2.72385e-17
-1.12 	0.122091 	0.00944708 	-3.70231e-17 	0.122056 	0.00944435 	-3.70162e-17
-1.1 	0.122025 	0.00962361 	-7.33423e-17 	0.121991 	0.0096209 	-7.33245e-17
-1.08 	0.121957 	0.00980223 	-1.21076e-16 	0.121923 	0.00979954 	-1.21044e-16
-1.06 	0.121888 	0.00998238 	-1.61108e-16 	0.121855 	0.00997972 	-1.61062e-16
-1.04 	0.121801 	0.010166 	-9.71513e-17 	0.121768 	0.0101633 	-9.71223e-17
-1.02 	0.12171 	0.0103491 	-1.71225e-17 	0.121677 	0.0103464 	-1.71149e-17
-1 	0.12162 	0.010537 	5.87107e-17 	0.121588 	0.0105342 	5.86964e-17
-0.98 	0.121535 	0.0107283 	6.98909e-17 	0.121505 	0.0107256 	6.98737e-17
-0.96 	0.12145 	0.0109196 	8.10711e-17 	0.121422 	0.010917 	8.1051e-17
-0.94 	0.121347 	0.011118 	7.41378e-17 	0.121319 	0.0111155 	7.41204e-17
-0.92 	0.121225 	0.0113152 	6.79914e-17 	0.121197 	0.0113126 	6.79756e-17
-0.9 	0.121102 	0.0115147 	5.59296e-17 	0.121074 	0.0115121 	5.59164e-17
-0.88 	0.120986 	0.0117171 	-1.12674e-18 	0.12096 	0.0117146 	-1.13079e-18
-0.86 	0.120872 	0.0119195 	-5.97912e-17 	0.120847 	0.0119171 	-5.97859e-17
-0.84 	0.120746 	0.0121293 	-1.18469e-16 	0.120722 	0.012127 	-1.18452e-16
-0.82 	0.120608 	0.0123442 	-1.7724e-16 	0.120586 	0.012342 	-1.77211e-16
-0.8 	0.120466 	0.0125583 	-2.22449e-16 	0.120446 	0.0125562 	-2.2241e-16
-0.78 	0.120278 	0.0127723 	-8.44354e-17 	0.120258 	0.0127702 	-8.44211e-17
-0.76 	0.120091 	0.012988 	6.12823e-17 	0.120071 	0.0129858 	6.12709e-17
-0.74 	0.119939 	0.0132046 	1.53648e-16 	0.119921 	0.0132026 	1.53623e-16
-0.72 	0.119804 	0.0134308 	1.88718e-16 	0.119788 	0.013429 	1.88691e-16
-0.7 	0.119632 	0.013659 	1.665e-16 	0.119618 	0.0136574 	1.66478e-16
-0.68 	0.119417 	0.0138883 	8.52049e-17 	0.119404 	0.0138868 	8.51957e-17
-0.66 	0.119187 	0.0141213 	1.41765e-17 	0.119175 	0.0141198 	1.41785e-17
-0.64 	0.118946 	0.0143527 	-7.85127e-19 	0.118934 	0.0143513 	-7.82717e-19
-0.62 	0.118708 	0.0145818 	-1.88533e-17 	0.118697 	0.0145804 	-1.885e-17
-0.6 	0.118579 	0.0148293 	-8.87912e-18 	0.118573 	0.0148284 	-8.87838e-18
-0.58 	0.118453 	0.0150805 	2.70231e-18 	0.118451 	0.0150801 	2.70056e-18
-0.56 	0.118186 	0.0153295 	-2.36185e-17 	0.118186 	0.0153293 	-2.36188e-17
-0.54 	0.117904 	0.0155798 	-5.48568e-17 	0.117905 	0.0155797 	-5.48551e-17
-0.52 	0.117563 	0.0158274 	-5.97517e-17 	0.117564 	0.0158274 	-5.97502e-17
-0.5 	0.117208 	0.0160686 	-6.3762e-17 	0.11721 	0.0160688 	-6.37612e-17
-0.48 	0.117115 	0.0163057 	-3.92878e-17 	0.117122 	0.0163066 	-3.92867e-17
-0.46 	0.117117 	0.0165473 	-7.79051e-18 	0.117132 	0.0165491 	-7.78887e-18
-0.44 	0.117194 	0.0168483 	1.46308e-17 	0.117214 	0.0168509 	1.46348e-17
-0.42 	0.117316 	0.0171563 	3.43269e-17 	0.117341 	0.0171598 	3.43341e-17
-0.4 	0.116462 	0.0174827 	3.41353e-17 	0.116482 	0.0174854 	3.41418e-17
-0.3918 	0.115983 	0.0176189 	3.14148e-17 	0.116 	0.0176212 	3.14206e-17
-0.3837 	0.11551 	0.0177535 	2.87275e-17 	0.115523 	0.0177553 	2.87325e-17
-0.3755 	0.114933 	0.0178886 	2.4582e-17 	0.114943 	0.0178899 	2.45861e-17
-0.3673 	0.113262 	0.0179465 	2.00552e-17 	0.113266 	0.0179469 	2.0059e-17
-0.3592 	0.111687 	0.018008 	1.51553e-17 	0.111685 	0.0180076 	1.51586e-17
-0.351 	0.110091 	0.0180703 	1.0195e-17 	0.110084 	0.018069 	1.01977e-17
-0.3429 	0.108515 	0.0181318 	5.29507e-18 	0.108503 	0.0181296 	5.29735e-18
-0.3347 	0.106642 	0.0181619 	1.06401e-18 	0.106624 	0.0181588 	1.06617e-18
-0.3265 	0.103982 	0.0181006 	-1.09742e-18 	0.103959 	0.0180966 	-1.09433e-18
-0.3184 	0.101354 	0.01804 	-3.23248e-18 	0.101327 	0.0180351 	-3.22849e-18
-0.3102 	0.0986932 	0.0179786 	-5.39391e-18 	0.0986615 	0.0179728 	-5.38899e-18
-0.302 	0.0961274 	0.0179285 	-7.50881e-18 	0.096091 	0.0179218 	-7.503e-18
-0.2939 	0.0932829 	0.0178033 	-8.85158e-18 	0.0932428 	0.0177958 	-8.84492e-18
-0.2857 	0.090137 	0.0176132 	-9.60235e-18 	0.0900939 	0.0176049 	-9.59485e-18
-0.2776 	0.0870295 	0.0174253 	-1.0344e-17 	0.0869833 	0.0174162 	-1.03356e-17
-0.2694 	0.083853 	0.0172283 	-1.12238e-17 	0.0838039 	0.0172185 	-1.12146e-17
-0.2612 	0.0806655 	0.0170288 	-1.21506e-17 	0.0806135 	0.0170182 	-1.21405e-17
-0.2531 	0.0774278 	0.0167137 	-1.24222e-17 	0.0773749 	0.0167026 	-1.24114e-17
-0.2449 	0.0741772 	0.0163943 	-1.27287e-17 	0.0741235 	0.0163828 	-1.27172e-17
-0.2367 	0.0709266 	0.016075 	-1.30352e-17 	0.070872 	0.016063 	-1.3023e-17
-0.2286 	0.0677156 	0.0157596 	-1.3338e-17 	0.0676602 	0.0157471 	-1.3325e-17
-0.2204 	0.064508 	0.0154099 	-1.35406e-17 	0.0644522 	0.015397 	-1.3527e-17
-0.2122 	0.0614247 	0.0149724 	-1.34421e-17 	0.0613698 	0.0149595 	-1.34282e-17
-0.2041 	0.058379 	0.0145402 	-1.33447e-17 	0.0583251 	0.0145272 	-1.33306e-17
-0.1959 	0.0553219 	0.0141184 	-1.33512e-17 	0.0552686 	0.0141053 	-1.33367e-17
-0.1878 	0.0523027 	0.0137021 	-1.33598e-17 	0.05225 	0.0136888 	-1.33449e-17
-0.1796 	0.0494664 	0.0132151 	-1.32031e-17 	0.0494153 	0.0132019 	-1.31881e-17
-0.1714 	0.0467439 	0.0126943 	-1.2961e-17 	0.0466948 	0.0126814 	-1.2946e-17
-0.1633 	0.0440546 	0.0121799 	-1.27218e-17 	0.0440074 	0.0121673 	-1.27069e-17
-0.1551 	0.0413361 	0.0116629 	-1.25007e-17 	0.0412909 	0.0116506 	-1.24858e-17
-0.1469 	0.0386755 	0.0111484 	-1.23394e-17 	0.0386321 	0.0111363 	-1.23244e-17
-0.1388 	0.0364521 	0.0105707 	-1.22001e-17 	0.0364108 	0.0105591 	-1.21851e-17
-0.1306 	0.0342014 	0.00998593 	-1.2059e-17 	0.0341621 	0.00997473 	-1.20442e-17
-0.1224 	0.0319506 	0.00940111 	-1.1918e-17 	0.0319134 	0.0093904 	-1.19032e-17
-0.1143 	0.0297272 	0.00882343 	-1.17787e-17 	0.0296922 	0.0088132 	-1.17639e-17
-0.1061 	0.0277934 	0.00821643 	-1.16307e-17 	0.0277603 	0.00820677 	-1.1616e-17
-0.098 	0.0261301 	0.00759152 	-1.14678e-17 	0.0260989 	0.00758253 	-1.14532e-17
-0.0898 	0.0244462 	0.00695889 	-1.13029e-17 	0.0244169 	0.00695059 	-1.12884e-17
-0.0816 	0.0227618 	0.00632553 	-1.11391e-17 	0.0227345 	0.00631792 	-1.11248e-17
-0.0735 	0.0211125 	0.00569835 	-1.09789e-17 	0.0210871 	0.00569142 	-1.09646e-17
-0.0653 	0.0200676 	0.00503257 	-1.0835e-17 	0.0200434 	0.00502639 	-1.08209e-17
-0.0571 	0.0190226 	0.00436787 	-1.0691e-17 	0.0189996 	0.00436243 	-1.0677e-17
-0.049 	0.0179903 	0.00371127 	-1.05488e-17 	0.0179686 	0.00370658 	-1.05349e-17
-0.0408 	0.0169453 	0.00304657 	-1.04048e-17 	0.0169248 	0.00304262 	-1.0391e-17
-0.0327 	0.0162618 	0.0023795 	-1.02691e-17 	0.0162421 	0.00237635 	-1.02556e-17
-0.0245 	0.0159092 	0.00170003 	-1.01297e-17 	0.0158902 	0.00169773 	-1.01164e-17
-0.0163 	0.0155566 	0.00102056 	-9.99031e-18 	0.0155382 	0.00101911 	-9.97723e-18
-0.0082 	0.0152083 	0.000349372 	-9.85259e-18 	0.0151905 	0.00034877 	-9.83977e-18
0 	0.0148558 	-0.000330098 	-9.71317e-18 	0.0148386 	-0.000329849 	-9.7006e-18
0.0082 	0.015226 	-0.00101124 	-9.57779e-18 	0.0152082 	-0.00101012 	-9.56529e-18
0.0163 	0.0155912 	-0.00168048 	-9.44941e-18 	0.0155727 	-0.00167853 	-9.43698e-18
0.0245 	0.0159608 	-0.00235799 	-9.31944e-18 	0.0159417 	-0.00235519 	-9.30708e-18
0.0327 	0.0163304 	-0.0030355 	-9.18948e-18 	0.0163107 	-0.00303185 	-9.17718e-18
0.0408 	0.0170314 	-0.0036987 	-9.08077e-18 	0.0170107 	-0.00369424 	-9.06857e-18
0.049 	0.0180921 	-0.00435668 	-8.9873e-18 	0.0180701 	-0.00435148 	-8.97525e-18
0.0571 	0.0191398 	-0.00500664 	-8.89497e-18 	0.0191166 	-0.00500071 	-8.88307e-18
0.0653 	0.0202005 	-0.00566463 	-8.8015e-18 	0.0201761 	-0.00565795 	-8.78976e-18
0.0735 	0.0212611 	-0.00632261 	-8.70803e-18 	0.0212355 	-0.00631519 	-8.69644e-18
0.0816 	0.0229226 	-0.00694049 	-8.58778e-18 	0.022895 	-0.00693238 	-8.57645e-18
0.0898 	0.0246189 	-0.00756393 	-8.4617e-18 	0.0245893 	-0.00755513 	-8.45064e-18
0.098 	0.0263151 	-0.00818774 	-8.33397e-18 	0.0262835 	-0.00817824 	-8.32317e-18
0.1061 	0.0279905 	-0.00880395 	-8.2078e-18 	0.027957 	-0.00879376 	-8.19726e-18
0.1143 	0.0299346 	-0.00940215 	-8.06583e-18 	0.0298991 	-0.00939137 	-8.05559e-18
0.1224 	0.0321632 	-0.00996922 	-7.90415e-18 	0.0321255 	-0.00995795 	-7.89423e-18
0.1306 	0.0344193 	-0.0105433 	-7.74048e-18 	0.0343794 	-0.0105315 	-7.73087e-18
0.1388 	0.0366754 	-0.0111174 	-7.5768e-18 	0.0366333 	-0.0111051 	-7.56752e-18
0.1469 	0.0388957 	-0.0116729 	-7.43166e-18 	0.0388515 	-0.0116602 	-7.42268e-18
0.1551 	0.04157 	-0.012188 	-7.16636e-18 	0.0415238 	-0.012175 	-7.15786e-18
0.1633 	0.0442932 	-0.0126981 	-6.88693e-18 	0.0442448 	-0.0126848 	-6.87894e-18
0.1714 	0.0469832 	-0.013202 	-6.61092e-18 	0.0469327 	-0.0131884 	-6.60342e-18
0.1796 	0.0496873 	-0.0136951 	-6.31121e-18 	0.0496349 	-0.0136813 	-6.30422e-18
0.1878 	0.0525181 	-0.0141647 	-5.91645e-18 	0.0524642 	-0.0141508 	-5.91003e-18
0.1959 	0.0555633 	-0.0145889 	-5.35134e-18 	0.0555083 	-0.0145751 	-5.3456e-18
0.2041 	0.0586435 	-0.0150169 	-4.7694e-18 	0.0585875 	-0.0150031 	-4.76437e-18
0.2122 	0.0616471 	-0.0154166 	-4.04737e-18 	0.0615904 	-0.015403 	-4.04307e-18
0.2204 	0.0646877 	-0.0158213 	-3.31643e-18 	0.0646305 	-0.0158078 	-3.31286e-18
0.2286 	0.0679188 	-0.0161714 	-2.34392e-18 	0.0678616 	-0.0161583 	-2.34123e-18
0.2367 	0.0711495 	-0.0164884 	-1.30159e-18 	0.0710928 	-0.0164758 	-1.29976e-18
0.2449 	0.0743687 	-0.0167892 	-2.47685e-19 	0.074313 	-0.016777 	-2.4665e-19
0.2531 	0.077588 	-0.01709 	8.06218e-19 	0.0775331 	-0.0170783 	8.06461e-19
0.2612 	0.0807738 	-0.0173772 	1.91656e-18 	0.0807199 	-0.0173661 	1.91602e-18
0.2694 	0.0839502 	-0.0175679 	3.48259e-18 	0.0838991 	-0.0175575 	3.4814e-18
0.2776 	0.0870898 	-0.0177493 	5.02211e-18 	0.0870415 	-0.0177397 	5.02029e-18
0.2857 	0.0902085 	-0.0179329 	6.59858e-18 	0.090163 	-0.017924 	6.5961e-18
0.2939 	0.0933496 	-0.0181151 	8.21603e-18 	0.0933069 	-0.018107 	8.21288e-18
0.302 	0.0961858 	-0.0182249 	9.79725e-18 	0.0961467 	-0.0182177 	9.79362e-18
0.3102 	0.0988814 	-0.0182836 	1.11676e-17 	0.0988467 	-0.0182772 	1.11635e-17
0.3184 	0.101577 	-0.0183422 	1.25379e-17 	0.101547 	-0.0183368 	1.25334e-17
0.3265 	0.10411 	-0.0183852 	1.42938e-17 	0.104084 	-0.0183806 	1.4289e-17
0.3347 	0.106585 	-0.0184185 	1.63434e-17 	0.106564 	-0.0184148 	1.63383e-17
0.3429 	0.108547 	-0.018385 	1.67776e-17 	0.108531 	-0.0183823 	1.67726e-17
0.351 	0.110271 	-0.0183269 	1.65411e-17 	0.110261 	-0.0183251 	1.65362e-17
0.3592 	0.11178 	-0.0182549 	1.5586e-17 	0.111775 	-0.018254 	1.55812e-17
0.3673 	0.113271 	-0.0181838 	1.46426e-17 	0.113272 	-0.0181837 	1.46378e-17
0.3755 	0.11478 	-0.0181118 	1.36876e-17 	0.114786 	-0.0181126 	1.36827e-17
0.3837 	0.115352 	-0.0179719 	4.02764e-18 	0.115363 	-0.0179733 	4.02149e-18
0.3918 	0.11588 	-0.0178315 	-7.52465e-18 	0.115894 	-0.0178334 	-7.53231e-18
0.4 	0.116413 	-0.0176893 	-1.92196e-17 	0.116431 	-0.0176917 	-1.92287e-17
0.42 	0.117176 	-0.01735 	-4.84203e-17 	0.117199 	-0.0173531 	-4.84321e-17
0.44 	0.117093 	-0.0170203 	-8.3998e-17 	0.117112 	-0.0170227 	-8.40085e-17
0.46 	0.116974 	-0.0167173 	-1.03225e-16 	0.116986 	-0.0167188 	-1.0323e-16
0.48 	0.116972 	-0.0164651 	-1.04768e-16 	0.116977 	-0.0164656 	-1.04766e-16
0.5 	0.117078 	-0.0162154 	-7.41994e-17 	0.117077 	-0.0162152 	-7.41915e-17
0.52 	0.117422 	-0.0159548 	7.43212e-18 	0.117421 	-0.0159545 	7.43897e-18
0.54 	0.117783 	-0.0157085 	9.83811e-17 	0.117781 	-0.0157082 	9.83851e-17
0.56 	0.118087 	-0.0154492 	1.52245e-16 	0.118085 	-0.0154488 	1.52241e-16
0.58 	0.118349 	-0.0151956 	1.98789e-16 	0.118345 	-0.0151951 	1.9878e-16
0.6 	0.118483 	-0.0149316 	1.5651e-16 	0.118475 	-0.0149306 	1.56498e-16
0.62 	0.118618 	-0.0146821 	8.70815e-17 	0.118606 	-0.0146806 	8.70709e-17
0.64 	0.118846 	-0.0144362 	1.08442e-17 	0.118833 	-0.0144345 	1.08423e-17
0.66 	0.119098 	-0.0142059 	-3.32694e-17 	0.119084 	-0.0142043 	-3.32655e-17
0.68 	0.11934 	-0.0139703 	-2.93495e-17 	0.119326 	-0.0139687 	-2.93464e-17
0.7 	0.119572 	-0.0137347 	-1.46428e-17 	0.119557 	-0.013733 	-1.46423e-17
0.72 	0.11974 	-0.0134979 	-2.68377e-17 	0.119723 	-0.0134959 	-2.68324e-17
0.74 	0.119877 	-0.0132713 	-1.05024e-16 	0.119856 	-0.0132691 	-1.05002e-16
0.76 	0.120031 	-0.0130486 	-1.84903e-16 	0.120008 	-0.0130461 	-1.84865e-16
0.78 	0.120221 	-0.0128258 	-2.37914e-16 	0.120198 	-0.0128234 	-2.37865e-16
0.8 	0.120411 	-0.0126123 	-2.40957e-16 	0.120388 	-0.0126099 	-2.40906e-16
0.82 	0.120567 	-0.01239 	-1.18957e-16 	0.120543 	-0.0123876 	-1.18936e-16
0.84 	0.1207 	-0.0121739 	2.52173e-17 	0.120674 	-0.0121713 	2.52075e-17
0.86 	0.120818 	-0.0119612 	1.42687e-16 	0.12079 	-0.0119585 	1.42651e-16
0.88 	0.120931 	-0.0117521 	2.19269e-16 	0.120901 	-0.0117493 	2.19214e-16
0.9 	0.121049 	-0.0115526 	2.34059e-16 	0.121018 	-0.0115498 	2.33998e-16
0.92 	0.121178 	-0.011348 	2.10876e-16 	0.121147 	-0.0113452 	2.1082e-16
0.94 	0.121299 	-0.0111493 	1.94615e-16 	0.121268 	-0.0111465 	1.94562e-16
0.96 	0.121399 	-0.0109507 	1.8029e-16 	0.121367 	-0.0109479 	1.80239e-16
0.98 	0.121487 	-0.0107509 	1.42645e-16 	0.121454 	-0.010748 	1.42602e-16
1 	0.121571 	-0.0105635 	6.96775e-17 	0.121535 	-0.0105605 	6.96562e-17
1.02 	0.121663 	-0.0103729 	-2.76235e-17 	0.121627 	-0.0103699 	-2.7613e-17
1.04 	0.121756 	-0.0101862 	-1.05274e-16 	0.121721 	-0.0101833 	-1.05238e-16
1.06 	0.121843 	-0.010004 	-1.38874e-16 	0.121807 	-0.0100012 	-1.38831e-16
1.08 	0.121917 	-0.00981896 	-9.59267e-17 	0.12188 	-0.00981608 	-9.59002e-17
1.1 	0.121984 	-0.00964008 	-3.47581e-17 	0.121946 	-0.00963717 	-3.47524e-17
1.12 	0.122047 	-0.00946399 	6.46333e-18 	0.122009 	-0.00946108 	6.45619e-18
1.14 	0.12211 	-0.00928776 	-9.2282e-18 	0.122071 	-0.00928486 	-9.22841e-18
1.16 	0.12217 	-0.00912007 	-6.66504e-17 	0.122131 	-0.00911723 	-6.66308e-17
1.18 	0.122229 	-0.00895156 	-1.10607e-16 	0.12219 	-0.00894876 	-1.10573e-16
1.2 	0.122284 	-0.00878224 	-1.30549e-16 	0.122245 	-0.00877948 	-1.30509e-16
1.22 	0.122333 	-0.00861916 	-1.2273e-16 	0.122293 	-0.0086164 	-1.22693e-16
1.24 	0.122378 	-0.00845835 	-9.62974e-17 	0.122338 	-0.0084556 	-9.62698e-17
1.26 	0.122418 	-0.00829882 	-8.32091e-17 	0.122377 	-0.00829611 	-8.31846e-17
1.28 	0.122459 	-0.00814317 	-7.98057e-17 	0.122418 	-0.00814049 	-7.97797e-17
1.3 	0.122497 	-0.0079917 	-5.92226e-17 	0.122456 	-0.00798907 	-5.92014e-17
1.32 	0.122531 	-0.00783853 	-1.84516e-17 	0.12249 	-0.00783594 	-1.84457e-17
1.34 	0.122567 	-0.00768829 	2.07285e-17 	0.122525 	-0.00768574 	2.07196e-17
1.36 	0.122596 	-0.00754394 	7.68064e-17 	0.122554 	-0.00754142 	7.67775e-17
1.38 	0.12262 	-0.00739841 	1.204e-16 	0.122578 	-0.00739591 	1.20357e-16
1.4 	0.122644 	-0.00725645 	1.42518e-16 	0.122602 	-0.00725399 	1.42469e-16
1.42 	0.122665 	-0.00711931 	1.25219e-16 	0.122622 	-0.00711689 	1.25178e-16
1.44 	0.122686 	-0.00698218 	8.02196e-17 	0.122643 	-0.00697981 	8.01943e-17
1.46 	0.122703 	-0.00684565 	3.07384e-17 	0.12266 	-0.00684332 	3.07304e-17
1.48 	0.122719 	-0.00671252 	-2.01285e-17 	0.122676 	-0.00671023 	-2.01198e-17
1.5 	0.122733 	-0.00658515 	-2.5646e-17 	0.12269 	-0.0065829 	-2.56382e-17
1.52 	0.122741 	-0.00645577 	-1.55253e-17 	0.122698 	-0.00645356 	-1.55227e-17
1.54 	0.122752 	-0.00632874 	-2.86055e-18 	0.122708 	-0.00632656 	-2.86371e-18
1.56 	0.122757 	-0.00620781 	3.67488e-18 	0.122713 	-0.00620568 	3.67001e-18
1.58 	0.122762 	-0.0060878 	1.45294e-17 	0.122719 	-0.00608572 	1.45212e-17
1.6 	0.122767 	-0.00596608 	3.1664e-17 	0.122724 	-0.00596405 	3.16492e-17
1.62 	0.122767 	-0.00584979 	4.47485e-17 	0.122724 	-0.00584779 	4.47271e-17
1.64 	0.12277 	-0.00573477 	4.83648e-17 	0.122727 	-0.00573282 	4.8341e-17
1.66 	0.122769 	-0.00562326 	4.94673e-17 	0.122726 	-0.00562134 	4.9444e-17
1.68 	0.122765 	-0.00551199 	3.70465e-17 	0.122722 	-0.00551011 	3.70303e-17
1.7 	0.122764 	-0.00540214 	2.75907e-17 	0.12272 	-0.0054003 	2.75805e-17
1.72 	0.122758 	-0.00529824 	5.24406e-17 	0.122715 	-0.00529645 	5.24231e-17
1.74 	0.122754 	-0.0051955 	5.33082e-17 	0.122711 	-0.00519374 	5.32909e-17
1.76 	0.122747 	-0.00509022 	2.99341e-17 	0.122705 	-0.00508851 	2.99238e-17
1.78 	0.122737 	-0.00498974 	-2.96953e-17 	0.122695 	-0.00498808 	-2.96834e-17
1.8 	0.122732 	-0.00488993 	-7.81997e-17 	0.122689 	-0.0048883 	-7.81697e-17
1.82 	0.122722 	-0.00479519 	-4.87645e-17 	0.12268 	-0.00479359 	-4.87451e-17
1.84 	0.122711 	-0.00470007 	-3.38323e-17 	0.122669 	-0.00469851 	-3.38183e-17
1.86 	0.1227 	-0.0046054 	-3.66536e-17 	0.122658 	-0.00460388 	-3.66387e-17
1.88 	0.122686 	-0.00451516 	-5.06622e-17 	0.122644 	-0.00451368 	-5.06431e-17
1.9 	0.122674 	-0.00442547 	-6.07882e-17 	0.122633 	-0.00442403 	-6.07666e-17
1.92 	0.12266 	-0.00434062 	-6.21616e-17 	0.122619 	-0.00433921 	-6.21408e-17
1.94 	0.122644 	-0.00425322 	-6.38222e-17 	0.122603 	-0.00425185 	-6.38024e-17
1.96 	0.12263 	-0.00416743 	-8.35238e-17 	0.122589 	-0.00416609 	-8.34995e-17
1.98 	0.122614 	-0.00408444 	-9.33602e-17 	0.122573 	-0.00408314 	-9.33334e-17
2 	0.122597 	-0.00400359 	-9.64248e-17 	0.122556 	-0.00400231 	-9.63968e-17
