-1 	0.13186 	0.0109652 	1.18476e-16 	0.131703 	0.0109522 	1.18336e-16
-0.979798 	0.131951 	0.0113272 	8.92726e-17 	0.131792 	0.0113136 	8.91664e-17
-0.959596 	0.132037 	0.0116992 	5.68338e-17 	0.131878 	0.0116851 	5.67636e-17
-0.939394 	0.132113 	0.0120755 	2.00682e-20 	0.131952 	0.0120608 	1.71951e-20
-0.919192 	0.132181 	0.0124627 	-6.33812e-17 	0.132018 	0.0124473 	-6.33028e-17
-0.89899 	0.132242 	0.0128535 	-1.21399e-16 	0.132077 	0.0128375 	-1.21248e-16
-0.878788 	0.132291 	0.0132522 	-1.37182e-16 	0.132126 	0.0132357 	-1.3701e-16
-0.858586 	0.132331 	0.0136557 	-1.63229e-16 	0.132165 	0.0136386 	-1.63026e-16
-0.838384 	0.132358 	0.0140647 	-1.16708e-16 	0.132189 	0.0140468 	-1.16557e-16
-0.818182 	0.132371 	0.0144772 	5.87468e-18 	0.132201 	0.0144586 	5.87091e-18
-0.79798 	0.132374 	0.0148921 	1.80951e-16 	0.132204 	0.0148731 	1.80721e-16
-0.777778 	0.132366 	0.0153093 	2.11494e-16 	0.132195 	0.0152896 	2.1122e-16
-0.757576 	0.132351 	0.0157274 	1.33906e-16 	0.132177 	0.0157069 	1.33732e-16
-0.737374 	0.132325 	0.0161445 	9.70507e-17 	0.132152 	0.0161234 	9.69255e-17
-0.717172 	0.132294 	0.0165618 	1.20028e-16 	0.132122 	0.0165403 	1.19873e-16
-0.69697 	0.132264 	0.0169747 	-9.71727e-18 	0.13209 	0.0169524 	-9.70421e-18
-0.676768 	0.132229 	0.0173862 	-1.67189e-16 	0.132054 	0.0173633 	-1.6697e-16
-0.656566 	0.132187 	0.0177904 	-1.39478e-16 	0.132015 	0.0177672 	-1.39299e-16
-0.636364 	0.132141 	0.0181873 	-7.50282e-17 	0.131969 	0.0181635 	-7.49297e-17
-0.616162 	0.132093 	0.0185779 	-1.02518e-16 	0.131918 	0.0185534 	-1.02377e-16
-0.59596 	0.132044 	0.0189543 	3.04248e-19 	0.131871 	0.0189296 	3.08386e-19
-0.575758 	0.132006 	0.019324 	1.53685e-16 	0.131835 	0.0192989 	1.53484e-16
-0.555556 	0.131968 	0.0196806 	1.46409e-16 	0.131796 	0.0196549 	1.46217e-16
-0.535354 	0.131885 	0.020015 	-1.89719e-16 	0.131713 	0.0199888 	-1.89475e-16
-0.515152 	0.131811 	0.0203314 	-1.8687e-16 	0.13164 	0.0203049 	-1.8663e-16
-0.494949 	0.131764 	0.020636 	8.37497e-17 	0.131592 	0.020609 	8.36362e-17
-0.474747 	0.131744 	0.0209229 	3.06043e-16 	0.13157 	0.0208953 	3.05641e-16
-0.454545 	0.131796 	0.021196 	1.25253e-16 	0.131624 	0.0211684 	1.25089e-16
-0.434343 	0.132013 	0.0214476 	-8.5917e-17 	0.131844 	0.0214203 	-8.58098e-17
-0.414141 	0.131447 	0.02175 	-1.39695e-16 	0.131268 	0.0217203 	-1.39513e-16
-0.393939 	0.127324 	0.0218544 	-7.70783e-17 	0.127114 	0.0218182 	-7.6973e-17
-0.373737 	0.115645 	0.0209927 	4.57285e-18 	0.115398 	0.0209476 	4.55222e-18
-0.353535 	0.0955738 	0.0184156 	2.97542e-17 	0.0953208 	0.0183668 	2.96731e-17
-0.333333 	0.0738951 	0.0149915 	2.57009e-17 	0.0736689 	0.0149455 	2.56217e-17
-0.313131 	0.0560944 	0.0116368 	1.72124e-17 	0.0559064 	0.0115978 	1.71547e-17
-0.292929 	0.0419957 	0.00851353 	1.13045e-17 	0.0418469 	0.00848335 	1.12643e-17
-0.272727 	0.0308217 	0.00578667 	7.4445e-18 	0.0307087 	0.00576545 	7.4171e-18
-0.252525 	0.0217491 	0.00351252 	5.22731e-18 	0.0216677 	0.00349935 	5.20763e-18
-0.232323 	0.0141463 	0.00168171 	3.80637e-18 	0.0140927 	0.0016753 	3.79184e-18
-0.212121 	0.00760368 	0.000257641 	2.75534e-18 	0.00757465 	0.000256606 	2.74472e-18
-0.191919 	0.00187281 	-0.000799338 	2.14017e-18 	0.00186565 	-0.000796334 	2.13187e-18
-0.171717 	-0.00320404 	-0.00153331 	1.52994e-18 	-0.0031918 	-0.00152751 	1.52396e-18
-0.151515 	-0.00769699 	-0.0019773 	8.1769e-19 	-0.0076676 	-0.00196981 	8.14443e-19
-0.131313 	-0.0116892 	-0.00218371 	1.5109e-19 	-0.0116447 	-0.00217545 	1.50375e-19
-0.111111 	-0.0151699 	-0.00217501 	-3.69595e-19 	-0.0151125 	-0.00216683 	-3.68346e-19
-0.0909091 	-0.0181125 	-0.00198217 	-8.20629e-19 	-0.0180442 	-0.00197475 	-8.17706e-19
-0.0707071 	-0.0205288 	-0.00164954 	-1.30049e-18 	-0.0204518 	-0.00164341 	-1.29579e-18
-0.0505051 	-0.0223939 	-0.00121445 	-1.80305e-18 	-0.0223102 	-0.00120996 	-1.79651e-18
-0.030303 	-0.0236747 	-0.000707521 	-2.26635e-18 	-0.0235865 	-0.000704939 	-2.25811e-18
-0.010101 	-0.0243276 	-0.000161251 	-2.62689e-18 	-0.0242371 	-0.00016071 	-2.61733e-18
0.010101 	-0.0243126 	0.000402207 	-2.92127e-18 	-0.0242221 	0.000400645 	-2.91062e-18
0.030303 	-0.0236321 	0.000948331 	-3.12137e-18 	-0.023544 	0.000944725 	-3.10995e-18
0.0505051 	-0.0223298 	0.00145402 	-3.25552e-18 	-0.0222463 	0.0014485 	-3.24356e-18
0.0707071 	-0.0204408 	0.00187538 	-3.24818e-18 	-0.020364 	0.00186826 	-3.23619e-18
0.0909091 	-0.0180018 	0.00219178 	-3.16993e-18 	-0.0179338 	0.00218343 	-3.15817e-18
0.111111 	-0.015039 	0.00236662 	-3.1133e-18 	-0.014982 	0.00235757 	-3.10169e-18
0.131313 	-0.011551 	0.00236113 	-2.85872e-18 	-0.0115069 	0.00235206 	-2.84802e-18
0.151515 	-0.00755799 	0.00214028 	-2.73917e-18 	-0.00752907 	0.00213203 	-2.72889e-18
0.171717 	-0.00305056 	0.00167396 	-2.75717e-18 	-0.00303887 	0.00166749 	-2.74678e-18
0.191919 	0.00199626 	0.000932849 	-2.7128e-18 	0.0019886 	0.000929221 	-2.70258e-18
0.212121 	0.00770989 	-0.000138451 	-3.07303e-18 	0.00768036 	-0.000137966 	-3.06145e-18
0.232323 	0.0142293 	-0.00157662 	-3.50901e-18 	0.0141752 	-0.00157067 	-3.49584e-18
0.252525 	0.021816 	-0.00342384 	-3.77646e-18 	0.021734 	-0.00341102 	-3.76242e-18
0.272727 	0.0308848 	-0.00571557 	-3.72928e-18 	0.030771 	-0.00569457 	-3.71566e-18
0.292929 	0.0420495 	-0.00845744 	-4.49494e-18 	0.0418994 	-0.00842733 	-4.4789e-18
0.313131 	0.0561289 	-0.0115959 	-2.67009e-18 	0.055939 	-0.0115567 	-2.66074e-18
0.333333 	0.0739936 	-0.0149614 	-1.01256e-18 	0.0737644 	-0.0149151 	-1.00905e-18
0.353535 	0.0956693 	-0.0183955 	-2.0403e-18 	0.0954117 	-0.018346 	-2.0352e-18
0.373737 	0.115935 	-0.0210245 	-2.09785e-17 	0.115681 	-0.0209784 	-2.09384e-17
0.393939 	0.127895 	-0.0219181 	-6.73847e-17 	0.127678 	-0.021881 	-6.72816e-17
0.414141 	0.131744 	-0.0217412 	-7.89735e-17 	0.131563 	-0.0217113 	-7.88669e-17
0.434343 	0.132053 	-0.0214362 	3.19612e-17 	0.131882 	-0.0214085 	3.19213e-17
0.454545 	0.13183 	-0.0211882 	2.24719e-16 	0.131656 	-0.0211602 	2.24428e-16
0.474747 	0.131786 	-0.0209207 	2.87379e-16 	0.131609 	-0.0208927 	2.86993e-16
0.494949 	0.131808 	-0.020641 	-6.68306e-17 	0.131633 	-0.0206137 	-6.67573e-17
0.515152 	0.131847 	-0.0203412 	-3.94312e-16 	0.131673 	-0.0203144 	-3.93801e-16
0.535354 	0.131924 	-0.0200265 	-2.88326e-16 	0.131749 	-0.0199999 	-2.87944e-16
0.555556 	0.132 	-0.019691 	5.30971e-17 	0.131824 	-0.0196649 	5.30311e-17
0.575758 	0.132031 	-0.0193367 	7.31433e-17 	0.131858 	-0.0193113 	7.30518e-17
0.59596 	0.132062 	-0.0189692 	3.94264e-18 	0.131887 	-0.0189441 	3.94716e-18
0.616162 	0.132109 	-0.0185926 	3.51754e-17 	0.131933 	-0.0185678 	3.51356e-17
0.636364 	0.132163 	-0.018206 	4.864e-17 	0.131989 	-0.018182 	4.85669e-17
0.656566 	0.132211 	-0.0178098 	2.93883e-17 	0.132037 	-0.0177865 	2.93392e-17
0.676768 	0.132253 	-0.0174062 	1.04143e-16 	0.132077 	-0.0173831 	1.04002e-16
0.69697 	0.132291 	-0.0169966 	2.28865e-16 	0.132116 	-0.0169742 	2.28563e-16
0.717172 	0.132323 	-0.0165849 	1.6774e-16 	0.13215 	-0.0165633 	1.67519e-16
0.737374 	0.132354 	-0.0161677 	4.09045e-18 	0.13218 	-0.0161465 	4.08925e-18
0.757576 	0.132379 	-0.0157508 	-1.95527e-17 	0.132204 	-0.01573 	-1.95248e-17
0.777778 	0.132396 	-0.0153341 	-1.05137e-17 	0.132224 	-0.0153142 	-1.05016e-17
0.79798 	0.132405 	-0.0149171 	-9.39768e-17 	0.132234 	-0.0148979 	-9.3856e-17
0.818182 	0.132401 	-0.0145018 	-2.19104e-16 	0.132229 	-0.014483 	-2.18816e-16
0.838384 	0.132388 	-0.0140896 	-2.70158e-16 	0.132216 	-0.0140714 	-2.69808e-16
0.858586 	0.132359 	-0.0136817 	-2.43753e-16 	0.13219 	-0.0136643 	-2.43439e-16
0.878788 	0.132317 	-0.0132776 	-1.41606e-16 	0.132149 	-0.0132608 	-1.41426e-16
0.89899 	0.132264 	-0.0128777 	1.21972e-17 	0.132096 	-0.0128615 	1.21819e-17
0.919192 	0.132202 	-0.0124862 	1.35642e-16 	0.132035 	-0.0124706 	1.3547e-16
0.939394 	0.132128 	-0.0120993 	1.85414e-16 	0.131964 	-0.0120844 	1.85182e-16
0.959596 	0.13205 	-0.0117238 	2.02715e-16 	0.131887 	-0.0117095 	2.02466e-16
0.979798 	0.13196 	-0.0113503 	2.3241e-16 	0.131798 	-0.0113364 	2.32123e-16
1 	0.131867 	-0.0109877 	2.25694e-16 	0.131707 	-0.0109744 	2.25417e-16
