-0.499996 	0.150652 	0.0435433 	-5.19096e-16 	0.150085 	0.0433794 	-5.17146e-16
-0.499965 	0.150649 	0.0435501 	-5.19772e-16 	0.150082 	0.0433861 	-5.17819e-16
-0.499904 	0.150643 	0.0435636 	-5.21123e-16 	0.150075 	0.0433995 	-5.19165e-16
-0.499812 	0.150633 	0.0435838 	-5.2315e-16 	0.150066 	0.0434197 	-5.21184e-16
-0.499688 	0.15062 	0.0436108 	-5.25853e-16 	0.150053 	0.0434466 	-5.23876e-16
-0.499535 	0.150601 	0.0436444 	-5.2751e-16 	0.150034 	0.0434802 	-5.25527e-16
-0.49935 	0.150576 	0.0436847 	-5.27597e-16 	0.150009 	0.0435203 	-5.25614e-16
-0.499134 	0.150546 	0.0437317 	-5.27699e-16 	0.14998 	0.0435672 	-5.25716e-16
-0.498888 	0.150513 	0.0437855 	-5.27815e-16 	0.149947 	0.0436209 	-5.25832e-16
-0.49861 	0.150475 	0.043846 	-5.27946e-16 	0.149909 	0.0436812 	-5.25963e-16
-0.498302 	0.150432 	0.0439132 	-5.28091e-16 	0.149867 	0.0437484 	-5.26109e-16
-0.497962 	0.150386 	0.0439873 	-5.28251e-16 	0.149822 	0.0438222 	-5.2627e-16
-0.497591 	0.150335 	0.0440681 	-5.28426e-16 	0.149771 	0.0439029 	-5.26445e-16
-0.497189 	0.15028 	0.0441557 	-5.28615e-16 	0.149717 	0.0439903 	-5.26635e-16
-0.496756 	0.150221 	0.0442502 	-5.28819e-16 	0.149658 	0.0440845 	-5.2684e-16
-0.496292 	0.150159 	0.0443453 	-5.28522e-16 	0.149597 	0.0441794 	-5.26544e-16
-0.495795 	0.150092 	0.0444453 	-5.2518e-16 	0.149531 	0.0442793 	-5.23216e-16
-0.495268 	0.150023 	0.044555 	-5.19183e-16 	0.149463 	0.0443887 	-5.17242e-16
-0.494709 	0.149949 	0.0446712 	-5.12825e-16 	0.14939 	0.0445047 	-5.10908e-16
-0.494118 	0.149872 	0.044794 	-5.06106e-16 	0.149314 	0.0446272 	-5.04216e-16
-0.493495 	0.14979 	0.0449235 	-4.99025e-16 	0.149233 	0.0447564 	-4.97162e-16
-0.49284 	0.149705 	0.0450596 	-4.9158e-16 	0.149149 	0.0448922 	-4.89746e-16
-0.492153 	0.149611 	0.0452012 	-4.79136e-16 	0.149056 	0.0450337 	-4.77348e-16
-0.491434 	0.149511 	0.0453508 	-4.56584e-16 	0.148957 	0.045183 	-4.54877e-16
-0.490682 	0.149414 	0.0455124 	-4.36261e-16 	0.148862 	0.0453443 	-4.34631e-16
-0.489898 	0.149313 	0.045681 	-4.15058e-16 	0.148762 	0.0455126 	-4.13508e-16
-0.489081 	0.149208 	0.0458566 	-3.9297e-16 	0.148659 	0.0456879 	-3.91504e-16
-0.488231 	0.149085 	0.0460353 	-3.6229e-16 	0.148538 	0.0458665 	-3.60934e-16
-0.487349 	0.148956 	0.0462228 	-3.26521e-16 	0.148411 	0.0460538 	-3.25293e-16
-0.486433 	0.148837 	0.0464258 	-2.92014e-16 	0.148293 	0.0462565 	-2.90916e-16
-0.485483 	0.148713 	0.0466363 	-2.56248e-16 	0.148172 	0.0464665 	-2.55285e-16
-0.4845 	0.14856 	0.0468475 	-2.13034e-16 	0.148021 	0.0466776 	-2.12223e-16
-0.483483 	0.148393 	0.0470646 	-1.65349e-16 	0.147856 	0.0468945 	-1.64705e-16
-0.482433 	0.148251 	0.0473041 	-1.16867e-16 	0.147717 	0.0471337 	-1.16407e-16
-0.481348 	0.14809 	0.0475477 	-6.49493e-17 	0.147558 	0.0473769 	-6.46795e-17
-0.480228 	0.147871 	0.0477867 	-5.34892e-18 	0.147342 	0.0476157 	-5.28249e-18
-0.479074 	0.14767 	0.0480423 	5.49926e-17 	0.147143 	0.0478711 	5.48441e-17
-0.477885 	0.147477 	0.0483148 	1.14831e-16 	0.146953 	0.0481431 	1.1446e-16
-0.47666 	0.147183 	0.048573 	1.72454e-16 	0.146662 	0.0484011 	1.71882e-16
-0.4754 	0.146891 	0.048842 	2.3256e-16 	0.146373 	0.0486699 	2.31777e-16
-0.474105 	0.146604 	0.0491321 	2.89279e-16 	0.146089 	0.0489594 	2.88286e-16
-0.472773 	0.146208 	0.0494069 	3.26493e-16 	0.145696 	0.0492339 	3.2537e-16
-0.471405 	0.145813 	0.0496934 	3.66605e-16 	0.145304 	0.04952 	3.65339e-16
-0.47 	0.1453 	0.0499685 	3.93746e-16 	0.144794 	0.0497945 	3.92379e-16
-0.468558 	0.14471 	0.0502345 	4.12623e-16 	0.144207 	0.05006 	4.11189e-16
-0.467078 	0.143973 	0.0504542 	4.19336e-16 	0.143473 	0.0502788 	4.17874e-16
-0.465561 	0.142992 	0.0505959 	4.04287e-16 	0.142493 	0.0504192 	4.02867e-16
-0.464006 	0.141914 	0.0507167 	3.85529e-16 	0.141416 	0.0505386 	3.84163e-16
-0.462413 	0.140123 	0.0506224 	3.23394e-16 	0.139625 	0.0504423 	3.22231e-16
-0.46078 	0.138434 	0.0505797 	2.62074e-16 	0.137935 	0.0503975 	2.61115e-16
-0.459108 	0.135393 	0.0500774 	1.95535e-16 	0.134895 	0.0498929 	1.94805e-16
-0.457397 	0.132596 	0.0496864 	1.21546e-16 	0.132097 	0.0494991 	1.21079e-16
-0.455645 	0.128095 	0.048684 	7.25489e-17 	0.127598 	0.0484953 	7.22625e-17
-0.453853 	0.123841 	0.047807 	1.36718e-17 	0.123346 	0.0476159 	1.36136e-17
-0.452019 	0.117862 	0.0462886 	-1.81556e-17 	0.117376 	0.0460979 	-1.80819e-17
-0.450144 	0.111921 	0.0448072 	-5.5209e-17 	0.111444 	0.044616 	-5.49737e-17
-0.448227 	0.104578 	0.0427826 	-7.49869e-17 	0.104119 	0.0425946 	-7.46561e-17
-0.446267 	0.0970719 	0.0407287 	-9.43686e-17 	0.0966319 	0.0405438 	-9.39397e-17
-0.444264 	0.0886998 	0.0383563 	-1.05816e-16 	0.088287 	0.0381776 	-1.05322e-16
-0.442217 	0.0799893 	0.0358762 	-1.13916e-16 	0.0796076 	0.0357047 	-1.1337e-16
-0.440125 	0.0709312 	0.033236 	-1.18393e-16 	0.070584 	0.0330731 	-1.17812e-16
-0.437988 	0.0619082 	0.0304507 	-1.20267e-16 	0.0615995 	0.0302987 	-1.19667e-16
-0.435806 	0.0465184 	0.0237697 	-9.95426e-17 	0.0462798 	0.0236478 	-9.90315e-17
-0.433577 	0.0100042 	0.00510559 	-2.12384e-17 	0.00995272 	0.00507932 	-2.11289e-17
