0.499996 	0.150662 	-0.0435515 	-3.53629e-16 	0.150089 	-0.0433858 	-3.52298e-16
0.499965 	0.150658 	-0.0435579 	-3.54632e-16 	0.150085 	-0.0433922 	-3.53297e-16
0.499904 	0.15065 	-0.0435708 	-3.56637e-16 	0.150076 	-0.043405 	-3.55295e-16
0.499812 	0.150637 	-0.0435901 	-3.59645e-16 	0.150064 	-0.0434243 	-3.58292e-16
0.499688 	0.15062 	-0.0436159 	-3.63657e-16 	0.150047 	-0.04345 	-3.62289e-16
0.499535 	0.150602 	-0.0436496 	-3.68647e-16 	0.150029 	-0.0434836 	-3.67259e-16
0.49935 	0.150584 	-0.0436916 	-3.74608e-16 	0.150011 	-0.0435255 	-3.73195e-16
0.499134 	0.150556 	-0.0437391 	-3.80043e-16 	0.149984 	-0.0435728 	-3.7861e-16
0.498888 	0.150523 	-0.0437928 	-3.85735e-16 	0.149951 	-0.0436265 	-3.8428e-16
0.49861 	0.150486 	-0.0438533 	-3.92141e-16 	0.149914 	-0.0436868 	-3.90663e-16
0.498302 	0.150444 	-0.0439206 	-3.99264e-16 	0.149873 	-0.0437539 	-3.97759e-16
0.497962 	0.150398 	-0.0439946 	-4.07104e-16 	0.149828 	-0.0438278 	-4.05569e-16
0.497591 	0.150348 	-0.0440754 	-4.15662e-16 	0.149779 	-0.0439084 	-4.14096e-16
0.497189 	0.150294 	-0.044163 	-4.24941e-16 	0.149725 	-0.0439958 	-4.23341e-16
0.496756 	0.150236 	-0.0442575 	-4.34943e-16 	0.149667 	-0.04409 	-4.33305e-16
0.496292 	0.150177 	-0.0443536 	-4.45702e-16 	0.149609 	-0.0441859 	-4.44024e-16
0.495795 	0.150112 	-0.0444546 	-4.55113e-16 	0.149545 	-0.0442867 	-4.53402e-16
0.495268 	0.150042 	-0.044565 	-4.62696e-16 	0.149475 	-0.0443968 	-4.60958e-16
0.494709 	0.149967 	-0.044682 	-4.70734e-16 	0.149402 	-0.0445134 	-4.68967e-16
0.494118 	0.149888 	-0.0448056 	-4.79228e-16 	0.149324 	-0.0446367 	-4.77431e-16
0.493495 	0.149805 	-0.0449358 	-4.88181e-16 	0.149241 	-0.0447667 	-4.86352e-16
0.49284 	0.149718 	-0.0450728 	-4.97593e-16 	0.149155 	-0.0449033 	-4.9573e-16
0.492153 	0.149619 	-0.0452107 	-5.03929e-16 	0.149058 	-0.045041 	-5.02047e-16
0.491434 	0.149531 	-0.0453668 	-5.08319e-16 	0.148971 	-0.0451968 	-5.06423e-16
0.490682 	0.149439 	-0.0455299 	-5.12908e-16 	0.14888 	-0.0453595 	-5.10997e-16
0.489898 	0.149343 	-0.0457001 	-5.17695e-16 	0.148785 	-0.0455293 	-5.15769e-16
0.489081 	0.14923 	-0.0458695 	-5.1539e-16 	0.148674 	-0.0456985 	-5.13474e-16
0.488231 	0.149116 	-0.0460521 	-5.05456e-16 	0.148561 	-0.0458808 	-5.0358e-16
0.487349 	0.149004 	-0.0462495 	-4.93115e-16 	0.148451 	-0.0460779 	-4.91288e-16
0.486433 	0.148889 	-0.0464544 	-4.8031e-16 	0.148337 	-0.0462823 	-4.78535e-16
0.485483 	0.148737 	-0.0466497 	-4.48888e-16 	0.148188 	-0.0464775 	-4.47224e-16
0.4845 	0.148598 	-0.0468675 	-4.15149e-16 	0.14805 	-0.046695 	-4.1361e-16
0.483483 	0.148463 	-0.047101 	-3.8008e-16 	0.147918 	-0.046928 	-3.78677e-16
0.482433 	0.148292 	-0.0473262 	-3.30167e-16 	0.147749 	-0.047153 	-3.28942e-16
0.481348 	0.148112 	-0.0475599 	-2.72569e-16 	0.147572 	-0.0473865 	-2.7155e-16
0.480228 	0.147958 	-0.047824 	-2.09261e-16 	0.14742 	-0.0476501 	-2.08485e-16
0.479074 	0.147738 	-0.0480722 	-1.41344e-16 	0.147203 	-0.0478981 	-1.40809e-16
0.477885 	0.147505 	-0.0483286 	-7.00162e-17 	0.146973 	-0.0481542 	-6.97364e-17
0.47666 	0.147275 	-0.0486105 	6.96693e-18 	0.146745 	-0.0484356 	6.95372e-18
0.4754 	0.146958 	-0.0488713 	8.18631e-17 	0.146432 	-0.0486962 	8.15931e-17
0.474105 	0.146652 	-0.0491532 	1.6097e-16 	0.146129 	-0.0489776 	1.60414e-16
0.472773 	0.14627 	-0.0494329 	2.39305e-16 	0.145749 	-0.0492569 	2.38472e-16
0.471405 	0.145846 	-0.0497097 	3.17739e-16 	0.145329 	-0.0495334 	3.16636e-16
0.47 	0.145341 	-0.0499873 	3.78404e-16 	0.144827 	-0.0498104 	3.77081e-16
0.468558 	0.144728 	-0.0502458 	4.2431e-16 	0.144217 	-0.0500684 	4.22826e-16
0.467078 	0.144 	-0.0504696 	4.47869e-16 	0.143492 	-0.0502913 	4.463e-16
0.465561 	0.143074 	-0.0506316 	4.29359e-16 	0.142567 	-0.0504519 	4.27846e-16
0.464006 	0.141958 	-0.050739 	3.97204e-16 	0.141452 	-0.0505578 	3.9579e-16
0.462413 	0.140388 	-0.0507266 	3.308e-16 	0.139881 	-0.0505432 	3.29613e-16
0.46078 	0.138502 	-0.0506112 	2.59159e-16 	0.137994 	-0.0504257 	2.58209e-16
0.459108 	0.13589 	-0.0502717 	1.76776e-16 	0.135382 	-0.0500833 	1.76123e-16
0.457397 	0.132716 	-0.0497379 	9.80513e-17 	0.132207 	-0.049547 	9.76764e-17
0.455645 	0.128727 	-0.0489418 	2.26327e-17 	0.128219 	-0.0487484 	2.25527e-17
0.453853 	0.123923 	-0.0478459 	-3.96749e-17 	0.123419 	-0.0476513 	-3.95162e-17
0.452019 	0.118337 	-0.0464841 	-8.69344e-17 	0.11784 	-0.0462887 	-8.65661e-17
0.450144 	0.111964 	-0.0448321 	-1.19422e-16 	0.111479 	-0.0446378 	-1.1891e-16
0.448227 	0.104832 	-0.0429026 	-1.3786e-16 	0.104363 	-0.0427106 	-1.37246e-16
0.446267 	0.0971663 	-0.0407764 	-1.52037e-16 	0.0967188 	-0.0405883 	-1.5134e-16
0.444264 	0.088776 	-0.0383955 	-1.61206e-16 	0.0883564 	-0.0382138 	-1.60447e-16
0.442217 	0.0799999 	-0.0358815 	-1.67677e-16 	0.0796126 	-0.0357075 	-1.66868e-16
0.440125 	0.0709297 	-0.0332385 	-1.71735e-16 	0.0705775 	-0.0330734 	-1.70887e-16
0.437988 	0.0617301 	-0.0303584 	-1.67989e-16 	0.0614179 	-0.0302047 	-1.67146e-16
0.435806 	0.0444614 	-0.0228672 	-1.35166e-16 	0.0442345 	-0.0227505 	-1.34485e-16
0.433577 	0.00804278 	-0.00424404 	-2.84917e-17 	0.00800477 	-0.00422398 	-2.83579e-17
