-2 	0.125682 	0.00196852 	-5.64367e-17 	0.12561 	0.00196738 	-5.64071e-17
-1.98 	0.12578 	0.00203985 	-8.37729e-17 	0.125707 	0.00203866 	-8.37265e-17
-1.96 	0.125879 	0.00211013 	-1.09284e-16 	0.125804 	0.00210888 	-1.09222e-16
-1.94 	0.125981 	0.00218478 	-1.05392e-16 	0.125905 	0.00218347 	-1.05331e-16
-1.92 	0.126081 	0.00226187 	-9.35897e-17 	0.126004 	0.00226049 	-9.35349e-17
-1.9 	0.126186 	0.00234244 	-6.75926e-17 	0.126108 	0.00234099 	-6.75518e-17
-1.88 	0.126291 	0.00242439 	-4.32189e-17 	0.126212 	0.00242286 	-4.31917e-17
-1.86 	0.126397 	0.00251035 	-1.59677e-17 	0.126316 	0.00250874 	-1.59567e-17
-1.84 	0.126507 	0.0025974 	7.84459e-18 	0.126425 	0.00259571 	7.84142e-18
-1.82 	0.12662 	0.00268936 	2.01998e-17 	0.126536 	0.00268758 	2.01895e-17
-1.8 	0.126731 	0.00278353 	2.61458e-17 	0.126647 	0.00278166 	2.61311e-17
-1.78 	0.126842 	0.00287936 	2.91739e-17 	0.126755 	0.0028774 	2.91564e-17
-1.76 	0.126959 	0.0029835 	3.40611e-17 	0.126872 	0.00298144 	3.40404e-17
-1.74 	0.127078 	0.00308687 	3.83133e-17 	0.126989 	0.00308471 	3.82894e-17
-1.72 	0.127196 	0.00319703 	3.55095e-17 	0.127105 	0.00319475 	3.54863e-17
-1.7 	0.12732 	0.00330779 	4.2273e-17 	0.127227 	0.0033054 	4.22435e-17
-1.68 	0.127442 	0.0034234 	5.66063e-17 	0.127348 	0.00342089 	5.65646e-17
-1.66 	0.127565 	0.00354556 	5.14624e-17 	0.12747 	0.00354292 	5.14232e-17
-1.64 	0.12769 	0.00366999 	4.51374e-17 	0.127593 	0.0036672 	4.51017e-17
-1.62 	0.127817 	0.00379899 	4.22092e-17 	0.127719 	0.00379606 	4.21746e-17
-1.6 	0.127948 	0.00393322 	1.86962e-17 	0.127847 	0.00393014 	1.86793e-17
-1.58 	0.128078 	0.00407173 	-5.33765e-18 	0.127975 	0.0040685 	-5.33646e-18
-1.56 	0.128207 	0.00421427 	-5.52716e-18 	0.128103 	0.00421086 	-5.52715e-18
-1.54 	0.128339 	0.00436544 	2.93561e-18 	0.128233 	0.00436186 	2.92854e-18
-1.52 	0.128474 	0.00451661 	1.8408e-17 	0.128366 	0.00451285 	1.83885e-17
-1.5 	0.128608 	0.00467683 	1.61636e-17 	0.128499 	0.00467287 	1.61472e-17
-1.48 	0.128745 	0.00484181 	7.44912e-18 	0.128634 	0.00483764 	7.4423e-18
-1.46 	0.128881 	0.00501286 	2.54913e-18 	0.128768 	0.00500848 	2.54869e-18
-1.44 	0.129017 	0.00518815 	9.03659e-18 	0.128903 	0.00518357 	9.03244e-18
-1.42 	0.129159 	0.00537319 	1.96449e-17 	0.129043 	0.00536837 	1.96322e-17
-1.4 	0.129301 	0.00556236 	3.662e-17 	0.129183 	0.0055573 	3.6592e-17
-1.38 	0.129437 	0.00575694 	4.37761e-17 	0.129317 	0.00575162 	4.37406e-17
-1.36 	0.129578 	0.0059608 	2.41765e-17 	0.129456 	0.00595521 	2.41582e-17
-1.34 	0.129719 	0.00617154 	1.58246e-17 	0.129595 	0.00616568 	1.58119e-17
-1.32 	0.129861 	0.00638824 	2.01537e-17 	0.129735 	0.00638208 	2.01344e-17
-1.3 	0.129998 	0.00661109 	4.48624e-17 	0.129871 	0.00660463 	4.48171e-17
-1.28 	0.130137 	0.0068441 	6.63137e-17 	0.130008 	0.00683731 	6.62441e-17
-1.26 	0.130277 	0.00708489 	5.86087e-17 	0.130145 	0.00707776 	5.85448e-17
-1.24 	0.130414 	0.00733265 	3.61264e-17 	0.13028 	0.00732517 	3.60858e-17
-1.22 	0.130548 	0.00758817 	1.55533e-17 	0.130413 	0.00758033 	1.5535e-17
-1.2 	0.130683 	0.00785057 	1.1037e-17 	0.130546 	0.00784235 	1.10232e-17
-1.18 	0.130818 	0.0081241 	-1.5133e-17 	0.130678 	0.00811547 	-1.51194e-17
-1.16 	0.130944 	0.00840499 	-9.73836e-17 	0.130803 	0.00839594 	-9.72772e-17
-1.14 	0.131071 	0.00869617 	-1.03936e-16 	0.130928 	0.00868669 	-1.0382e-16
-1.12 	0.131199 	0.00899437 	-7.60256e-17 	0.131054 	0.00898445 	-7.59397e-17
-1.1 	0.131316 	0.0093016 	-6.12614e-17 	0.131169 	0.0092912 	-6.1191e-17
-1.08 	0.131435 	0.00961567 	-6.68627e-17 	0.131286 	0.00960476 	-6.67845e-17
-1.06 	0.131549 	0.00994118 	-4.6594e-17 	0.131398 	0.00992975 	-4.65375e-17
-1.04 	0.131656 	0.0102724 	1.24219e-17 	0.131504 	0.0102605 	1.24107e-17
-1.02 	0.131762 	0.0106153 	9.46479e-17 	0.131608 	0.0106029 	9.45377e-17
-1 	0.13186 	0.0109652 	1.18476e-16 	0.131703 	0.0109522 	1.18336e-16
-0.98 	0.13195 	0.0113236 	8.96621e-17 	0.131792 	0.01131 	8.95555e-17
-0.96 	0.132036 	0.0116918 	5.74777e-17 	0.131876 	0.0116777 	5.74068e-17
-0.94 	0.132111 	0.0120642 	1.81091e-18 	0.13195 	0.0120496 	1.80591e-18
-0.92 	0.132179 	0.0124473 	-6.13699e-17 	0.132015 	0.0124319 	-6.12941e-17
-0.9 	0.132239 	0.012834 	-1.1856e-16 	0.132074 	0.0128181 	-1.18413e-16
-0.88 	0.132288 	0.0132283 	-1.35719e-16 	0.132123 	0.0132119 	-1.35549e-16
-0.86 	0.132329 	0.0136277 	-1.61414e-16 	0.132163 	0.0136106 	-1.61213e-16
-0.84 	0.132356 	0.0140317 	-1.22132e-16 	0.132187 	0.0140139 	-1.21974e-16
-0.82 	0.132371 	0.0144399 	-1.05114e-17 	0.132201 	0.0144214 	-1.04941e-17
-0.8 	0.132374 	0.0148502 	1.6988e-16 	0.132205 	0.0148312 	1.69665e-16
-0.78 	0.132367 	0.0152635 	2.19025e-16 	0.132197 	0.0152438 	2.18741e-16
-0.76 	0.132353 	0.015677 	1.47015e-16 	0.13218 	0.0156565 	1.46823e-16
-0.74 	0.132329 	0.0160904 	9.57633e-17 	0.132155 	0.0160694 	9.56395e-17
-0.72 	0.132298 	0.0165033 	1.15533e-16 	0.132126 	0.0164818 	1.15384e-16
-0.7 	0.132268 	0.0169128 	1.53426e-17 	0.132095 	0.0168907 	1.53232e-17
-0.68 	0.132235 	0.0173215 	-1.58735e-16 	0.13206 	0.0172986 	-1.58527e-16
-0.66 	0.132195 	0.0177218 	-1.54109e-16 	0.132022 	0.0176988 	-1.5391e-16
-0.64 	0.13215 	0.0181171 	-6.78097e-17 	0.131978 	0.0180935 	-6.7722e-17
-0.62 	0.132103 	0.0185042 	-9.46748e-17 	0.131928 	0.0184798 	-9.45444e-17
-0.6 	0.132054 	0.0188794 	-2.79712e-17 	0.13188 	0.0188547 	-2.79292e-17
-0.58 	0.132011 	0.0192473 	1.217e-16 	0.13184 	0.0192224 	1.21542e-16
-0.56 	0.131978 	0.0196028 	1.61524e-16 	0.131806 	0.0195773 	1.61312e-16
-0.54 	0.131908 	0.0199404 	-1.18906e-16 	0.131735 	0.0199143 	-1.18754e-16
-0.52 	0.131825 	0.0202575 	-2.47174e-16 	0.131653 	0.0202311 	-2.46855e-16
-0.5 	0.131769 	0.0205616 	6.50617e-18 	0.131598 	0.0205348 	6.49245e-18
-0.48 	0.131749 	0.0208494 	2.59315e-16 	0.131576 	0.020822 	2.58974e-16
-0.46 	0.131781 	0.0211228 	1.76392e-16 	0.131609 	0.0210952 	1.7616e-16
-0.44 	0.131945 	0.0213767 	-3.8379e-17 	0.131776 	0.0213493 	-3.83324e-17
-0.42 	0.131917 	0.0216508 	-1.52476e-16 	0.131745 	0.0216226 	-1.52281e-16
-0.4 	0.129954 	0.0219559 	-1.0569e-16 	0.129757 	0.0219226 	-1.05545e-16
-0.3918 	0.126395 	0.0218186 	-6.69783e-17 	0.126181 	0.0217813 	-6.68872e-17
-0.3837 	0.122655 	0.021646 	-2.93464e-17 	0.122422 	0.0216049 	-2.9309e-17
-0.3755 	0.117279 	0.0211863 	1.33383e-18 	0.117033 	0.0211417 	1.32033e-18
-0.3673 	0.109671 	0.0202839 	1.63459e-17 	0.109419 	0.0202371 	1.62994e-17
-0.3592 	0.101415 	0.0192058 	2.50252e-17 	0.101162 	0.0191576 	2.49565e-17
-0.351 	0.092845 	0.0180009 	2.96105e-17 	0.0925948 	0.0179523 	2.95286e-17
-0.3429 	0.0841522 	0.0166292 	2.80143e-17 	0.0839128 	0.0165817 	2.79331e-17
-0.3347 	0.0753604 	0.0152254 	2.60314e-17 	0.0751323 	0.0151793 	2.59519e-17
-0.3265 	0.0677054 	0.0138557 	2.30088e-17 	0.0674917 	0.0138119 	2.2936e-17
-0.3184 	0.0606718 	0.0125112 	1.94962e-17 	0.0604737 	0.0124704 	1.94325e-17
-0.3102 	0.0536423 	0.011156 	1.60131e-17 	0.05346 	0.011118 	1.59586e-17
-0.302 	0.0481126 	0.00990135 	1.37775e-17 	0.0479462 	0.0098671 	1.37298e-17
-0.2939 	0.0426503 	0.00866205 	1.15691e-17 	0.0424996 	0.00863143 	1.15281e-17
-0.2857 	0.0376929 	0.00748817 	9.68392e-18 	0.0375573 	0.00746123 	9.64896e-18
-0.2776 	0.0334026 	0.00642578 	8.28566e-18 	0.0332811 	0.00640241 	8.25541e-18
-0.2694 	0.029076 	0.00535199 	6.90181e-18 	0.0289688 	0.00533223 	6.87625e-18
-0.2612 	0.0254736 	0.00444674 	6.07019e-18 	0.0253791 	0.00443021 	6.04754e-18
-0.2531 	0.0219959 	0.00357442 	5.28315e-18 	0.0219136 	0.00356102 	5.26328e-18
-0.2449 	0.0186839 	0.00275719 	4.59273e-18 	0.0186135 	0.00274677 	4.57533e-18
-0.2367 	0.0157259 	0.0020561 	4.0804e-18 	0.0156664 	0.00204829 	4.06487e-18
-0.2286 	0.0128026 	0.00136323 	3.57325e-18 	0.012754 	0.00135801 	3.55958e-18
-0.2204 	0.0101769 	0.000799205 	3.1563e-18 	0.0101381 	0.000796114 	3.14417e-18
-0.2122 	0.00762817 	0.000262795 	2.75915e-18 	0.00759905 	0.00026174 	2.74852e-18
-0.2041 	0.00522066 	-0.000211882 	2.42183e-18 	0.00520068 	-0.000211129 	2.41247e-18
-0.1959 	0.00295732 	-0.000610188 	2.21013e-18 	0.002946 	-0.000607909 	2.20156e-18
-0.1878 	0.000752322 	-0.000994156 	2.06675e-18 	0.000749446 	-0.000990406 	2.05873e-18
-0.1796 	-0.00126487 	-0.00126905 	1.79305e-18 	-0.00126004 	-0.00126425 	1.78607e-18
-0.1714 	-0.00328095 	-0.00154358 	1.51793e-18 	-0.00326841 	-0.00153773 	1.512e-18
-0.1633 	-0.00511213 	-0.00173809 	1.21011e-18 	-0.0050926 	-0.00173151 	1.20536e-18
-0.1551 	-0.00691052 	-0.00190446 	9.36727e-19 	-0.00688413 	-0.00189724 	9.33024e-19
-0.1469 	-0.00865613 	-0.00204613 	6.61415e-19 	-0.00862309 	-0.00203838 	6.58764e-19
-0.1388 	-0.0102436 	-0.00212213 	3.82141e-19 	-0.0102046 	-0.0021141 	3.8055e-19
-0.1306 	-0.0118269 	-0.00218957 	1.29083e-19 	-0.0117819 	-0.0021813 	1.28451e-19
-0.1224 	-0.0132321 	-0.0021816 	-7.55752e-20 	-0.0131819 	-0.00217338 	-7.54353e-20
-0.1143 	-0.0146244 	-0.00217741 	-2.86517e-19 	-0.014569 	-0.00216922 	-2.85582e-19
-0.1061 	-0.0159121 	-0.00213137 	-4.80614e-19 	-0.0158519 	-0.00212337 	-4.78954e-19
-0.098 	-0.0171117 	-0.00206084 	-6.60067e-19 	-0.0170471 	-0.00205311 	-6.5774e-19
-0.0898 	-0.0182478 	-0.00196348 	-8.42838e-19 	-0.018179 	-0.00195613 	-8.39833e-19
-0.0816 	-0.0192625 	-0.00183652 	-1.03778e-18 	-0.0191901 	-0.00182967 	-1.03406e-18
-0.0735 	-0.0202556 	-0.00170911 	-1.23114e-18 	-0.0201795 	-0.00170274 	-1.2267e-18
-0.0653 	-0.0210578 	-0.00153423 	-1.43476e-18 	-0.0209789 	-0.00152853 	-1.42957e-18
-0.0571 	-0.0218697 	-0.00136906 	-1.6392e-18 	-0.0217878 	-0.00136398 	-1.63326e-18
-0.049 	-0.0225025 	-0.00117713 	-1.84038e-18 	-0.0224184 	-0.00117278 	-1.8337e-18
-0.0408 	-0.0230942 	-0.000973809 	-2.04375e-18 	-0.0230081 	-0.000970228 	-2.03633e-18
-0.0327 	-0.023568 	-0.00077121 	-2.22187e-18 	-0.0234802 	-0.000768389 	-2.2138e-18
-0.0245 	-0.0239331 	-0.000553333 	-2.37402e-18 	-0.023844 	-0.000551327 	-2.36539e-18
-0.0163 	-0.024236 	-0.000334186 	-2.52408e-18 	-0.0241458 	-0.000333 	-2.5149e-18
-0.0082 	-0.0243557 	-0.000108218 	-2.65842e-18 	-0.0242651 	-0.000107875 	-2.64874e-18
0 	-0.0244769 	0.000120441 	-2.79442e-18 	-0.0243858 	0.000119931 	-2.78424e-18
0.0082 	-0.0243435 	0.000349179 	-2.8974e-18 	-0.0242529 	0.000347815 	-2.88683e-18
0.0163 	-0.0242118 	0.000575127 	-2.99912e-18 	-0.0241217 	0.000572919 	-2.98817e-18
0.0245 	-0.0238981 	0.00079418 	-3.07494e-18 	-0.0238091 	0.000791152 	-3.0637e-18
0.0327 	-0.0235222 	0.001012 	-3.14055e-18 	-0.0234345 	0.00100816 	-3.12905e-18
0.0408 	-0.0230404 	0.00121425 	-3.19977e-18 	-0.0229544 	0.00120965 	-3.18804e-18
0.049 	-0.0224404 	0.00141742 	-3.24722e-18 	-0.0223565 	0.00141204 	-3.23529e-18
0.0571 	-0.0217941 	0.0015994 	-3.27332e-18 	-0.0217125 	0.00159333 	-3.26127e-18
0.0653 	-0.020987 	0.00177417 	-3.25933e-18 	-0.0209083 	0.00176743 	-3.24731e-18
0.0735 	-0.0201586 	0.00192764 	-3.24242e-18 	-0.0200828 	0.00192032 	-3.23044e-18
0.0816 	-0.0191712 	0.00206017 	-3.20671e-18 	-0.019099 	0.00205233 	-3.19484e-18
0.0898 	-0.0181411 	0.0021761 	-3.17432e-18 	-0.0180727 	0.00216782 	-3.16254e-18
0.098 	-0.0169918 	0.00226254 	-3.152e-18 	-0.0169275 	0.00225391 	-3.14029e-18
0.1061 	-0.0157961 	0.0023337 	-3.13426e-18 	-0.0157362 	0.00232478 	-3.12258e-18
0.1143 	-0.0145028 	0.00237264 	-3.07812e-18 	-0.0144477 	0.00236356 	-3.06664e-18
0.1224 	-0.0131235 	0.00238018 	-2.97887e-18 	-0.0130736 	0.00237106 	-2.96774e-18
0.1306 	-0.0116858 	0.00236605 	-2.86078e-18 	-0.0116413 	0.00235696 	-2.85008e-18
0.1388 	-0.0100975 	0.00229082 	-2.77953e-18 	-0.0100589 	0.00228201 	-2.76912e-18
0.1469 	-0.00851677 	0.00221281 	-2.73169e-18 	-0.00848421 	0.00220429 	-2.72144e-18
0.1551 	-0.00678929 	0.00207245 	-2.79885e-18 	-0.0067633 	0.00206446 	-2.78832e-18
0.1633 	-0.00498522 	0.00189721 	-2.79963e-18 	-0.00496614 	0.00188988 	-2.78909e-18
0.1714 	-0.00312797 	0.0016847 	-2.7578e-18 	-0.00311599 	0.00167818 	-2.74741e-18
0.1796 	-0.00114384 	0.0014155 	-2.77579e-18 	-0.00113946 	0.00141002 	-2.76533e-18
0.1878 	0.000905003 	0.00112124 	-2.69843e-18 	0.000901536 	0.00111689 	-2.68826e-18
0.1959 	0.00308926 	0.000737189 	-2.7622e-18 	0.00307741 	0.000734313 	-2.75179e-18
0.2041 	0.00534518 	0.000333876 	-2.90145e-18 	0.00532466 	0.000332551 	-2.89051e-18
0.2122 	0.00773366 	-0.000143463 	-3.07473e-18 	0.00770404 	-0.000142959 	-3.06314e-18
0.2204 	0.0102876 	-0.000688751 	-3.27889e-18 	0.0102483 	-0.000686168 	-3.26655e-18
0.2286 	0.0129288 	-0.00126538 	-3.466e-18 	0.0128795 	-0.00126061 	-3.45297e-18
0.2367 	0.0157581 	-0.00194248 	-3.55957e-18 	0.0156983 	-0.00193516 	-3.54623e-18
0.2449 	0.0187811 	-0.00266623 	-3.69052e-18 	0.0187101 	-0.0026562 	-3.67673e-18
0.2531 	0.0220547 	-0.00348469 	-3.78113e-18 	0.0219718 	-0.00347166 	-3.76708e-18
0.2612 	0.0254901 	-0.0043555 	-3.74104e-18 	0.025395 	-0.00433931 	-3.72721e-18
0.2694 	0.0291759 	-0.00528286 	-3.53502e-18 	0.0290679 	-0.00526335 	-3.52204e-18
0.2776 	0.0333706 	-0.00634666 	-4.06455e-18 	0.0332484 	-0.00632349 	-4.04979e-18
0.2857 	0.0377313 	-0.00742255 	-4.52648e-18 	0.0375947 	-0.00739576 	-4.51022e-18
0.2939 	0.0426787 	-0.00860519 	-4.41385e-18 	0.0425268 	-0.00857463 	-4.39811e-18
0.302 	0.0480063 	-0.00984195 	-3.72569e-18 	0.0478385 	-0.00980762 	-3.71249e-18
0.3102 	0.0537339 	-0.0111105 	-2.97911e-18 	0.0535499 	-0.0110725 	-2.96864e-18
0.3184 	0.0605535 	-0.0124785 	-2.12053e-18 	0.0603529 	-0.0124373 	-2.11317e-18
0.3265 	0.0676902 	-0.0138233 	-1.49453e-18 	0.0674738 	-0.0137791 	-1.48937e-18
0.3347 	0.075442 	-0.0152014 	-9.15659e-19 	0.0752106 	-0.0151548 	-9.12474e-19
0.3429 	0.0841705 	-0.0166288 	-6.60218e-19 	0.0839263 	-0.0165805 	-6.58114e-19
0.351 	0.0929405 	-0.017986 	-1.60551e-18 	0.0926858 	-0.0179367 	-1.60136e-18
0.3592 	0.101735 	-0.0192457 	-5.00762e-18 	0.101476 	-0.0191965 	-4.99669e-18
0.3673 	0.109745 	-0.0202581 	-1.33327e-17 	0.109488 	-0.0202105 	-1.33065e-17
0.3755 	0.117455 	-0.0211904 	-2.36742e-17 	0.117203 	-0.0211448 	-2.36295e-17
0.3837 	0.122879 	-0.0216514 	-4.19488e-17 	0.12264 	-0.0216093 	-4.18779e-17
0.3918 	0.127086 	-0.0219006 	-6.28207e-17 	0.126865 	-0.0218625 	-6.27225e-17
0.4 	0.13005 	-0.0219461 	-7.99436e-17 	0.129847 	-0.0219119 	-7.98273e-17
0.42 	0.131975 	-0.0216394 	-6.60585e-17 	0.131799 	-0.0216107 	-6.5971e-17
0.44 	0.131978 	-0.0213659 	9.12593e-17 	0.131806 	-0.0213382 	9.11433e-17
0.46 	0.131809 	-0.0211189 	2.66161e-16 	0.131634 	-0.0210909 	2.65812e-16
0.48 	0.131791 	-0.0208512 	2.09528e-16 	0.131615 	-0.0208233 	2.09243e-16
0.5 	0.131813 	-0.0205651 	-1.75826e-16 	0.131639 	-0.020538 	-1.75611e-16
0.52 	0.131863 	-0.0202655 	-3.96614e-16 	0.131689 	-0.0202387 	-3.96097e-16
0.54 	0.131943 	-0.0199496 	-2.10262e-16 	0.131768 	-0.0199231 	-2.09982e-16
0.56 	0.132009 	-0.0196145 	7.85204e-17 	0.131834 	-0.0195886 	7.84206e-17
0.58 	0.132035 	-0.0192606 	5.85506e-17 	0.131862 	-0.0192353 	5.84792e-17
0.6 	0.13207 	-0.0188953 	-3.11517e-18 	0.131895 	-0.0188702 	-3.10087e-18
0.62 	0.132121 	-0.0185201 	4.97798e-17 	0.131944 	-0.0184955 	4.9718e-17
0.64 	0.132171 	-0.0181351 	3.46794e-17 	0.131998 	-0.0181113 	3.4623e-17
0.66 	0.132218 	-0.017741 	3.59816e-17 	0.132044 	-0.0177178 	3.59248e-17
0.68 	0.132259 	-0.0173415 	1.3083e-16 	0.132083 	-0.0173185 	1.30654e-16
0.7 	0.132297 	-0.0169354 	2.39179e-16 	0.132122 	-0.0169131 	2.38864e-16
0.72 	0.132328 	-0.0165265 	1.41548e-16 	0.132155 	-0.0165049 	1.41362e-16
0.74 	0.132357 	-0.0161135 	-4.11761e-18 	0.132182 	-0.0160924 	-4.10808e-18
0.76 	0.132382 	-0.0157005 	-1.56675e-17 	0.132207 	-0.0156798 	-1.56453e-17
0.78 	0.132397 	-0.0152885 	-1.36702e-17 	0.132225 	-0.0152687 	-1.36543e-17
0.8 	0.132404 	-0.0148751 	-1.06675e-16 	0.132233 	-0.014856 	-1.06537e-16
0.82 	0.1324 	-0.0144646 	-2.27855e-16 	0.132227 	-0.0144458 	-2.27555e-16
0.84 	0.132386 	-0.0140567 	-2.6947e-16 	0.132214 	-0.0140386 	-2.69121e-16
0.86 	0.132357 	-0.0136534 	-2.39516e-16 	0.132189 	-0.0136361 	-2.39209e-16
0.88 	0.132314 	-0.0132534 	-1.32309e-16 	0.132147 	-0.0132366 	-1.32141e-16
0.9 	0.132262 	-0.0128579 	1.95887e-17 	0.132094 	-0.0128417 	1.9564e-17
0.92 	0.132199 	-0.0124706 	1.38264e-16 	0.132033 	-0.012455 	1.38088e-16
0.94 	0.132126 	-0.0120878 	1.86655e-16 	0.131962 	-0.0120729 	1.86422e-16
0.96 	0.132048 	-0.0117165 	2.02845e-16 	0.131885 	-0.0117022 	2.02596e-16
0.98 	0.131959 	-0.0113466 	2.32699e-16 	0.131797 	-0.0113327 	2.32412e-16
1 	0.131867 	-0.0109877 	2.25694e-16 	0.131707 	-0.0109744 	2.25417e-16
1.02 	0.131767 	-0.0106373 	1.56229e-16 	0.13161 	-0.0106246 	1.5604e-16
1.04 	0.131663 	-0.0102948 	5.20961e-17 	0.131507 	-0.0102826 	5.20352e-17
1.06 	0.131555 	-0.00996358 	-2.08887e-17 	0.1314 	-0.00995191 	-2.08613e-17
1.08 	0.131442 	-0.00963551 	-2.52001e-17 	0.131289 	-0.00962437 	-2.51702e-17
1.1 	0.131322 	-0.00931879 	-3.50603e-17 	0.131171 	-0.00930819 	-3.50193e-17
1.12 	0.131199 	-0.00901383 	-5.18489e-17 	0.131051 	-0.0090037 	-5.17879e-17
1.14 	0.131072 	-0.00871282 	-4.17798e-17 	0.130925 	-0.00870313 	-4.1732e-17
1.16 	0.130942 	-0.00842226 	-3.60434e-17 	0.130797 	-0.00841301 	-3.60046e-17
1.18 	0.130812 	-0.0081435 	-4.45815e-17 	0.130669 	-0.00813469 	-4.45343e-17
1.2 	0.130676 	-0.00786899 	-4.95617e-17 	0.130535 	-0.00786061 	-4.95095e-17
1.22 	0.130539 	-0.00760296 	-7.89097e-17 	0.130401 	-0.00759497 	-7.88265e-17
1.24 	0.130403 	-0.00734771 	-1.10777e-16 	0.130266 	-0.00734007 	-1.10661e-16
1.26 	0.130264 	-0.00709986 	-1.28122e-16 	0.130129 	-0.00709259 	-1.2799e-16
1.28 	0.130123 	-0.00685867 	-1.24274e-16 	0.12999 	-0.00685176 	-1.24149e-16
1.3 	0.129983 	-0.00662737 	-9.76351e-17 	0.129853 	-0.00662079 	-9.7539e-17
1.32 	0.129845 	-0.00640456 	-8.92702e-17 	0.129717 	-0.0063983 	-8.91841e-17
1.34 	0.129705 	-0.00618502 	-6.8214e-17 	0.129578 	-0.00617906 	-6.81488e-17
1.36 	0.129564 	-0.00597359 	-1.51617e-17 	0.129439 	-0.00596792 	-1.51471e-17
1.38 	0.129422 	-0.00577092 	5.07384e-17 	0.1293 	-0.00576553 	5.06914e-17
1.4 	0.129285 	-0.00557555 	1.02131e-16 	0.129164 	-0.00557041 	1.02037e-16
1.42 	0.129144 	-0.00538431 	1.20653e-16 	0.129025 	-0.00537943 	1.20545e-16
1.44 	0.129004 	-0.00520098 	1.17398e-16 	0.128887 	-0.00519633 	1.17295e-16
1.46 	0.128867 	-0.00502437 	9.8345e-17 	0.128752 	-0.00501995 	9.82608e-17
1.48 	0.128733 	-0.0048547 	7.15271e-17 	0.12862 	-0.00485048 	7.1467e-17
1.5 	0.128597 	-0.00468964 	4.10091e-17 	0.128486 	-0.00468564 	4.09756e-17
1.52 	0.128461 	-0.00452803 	-1.81155e-18 	0.128351 	-0.00452422 	-1.80856e-18
1.54 	0.128328 	-0.00437176 	-2.43923e-17 	0.12822 	-0.00436815 	-2.43706e-17
1.56 	0.128194 	-0.00422338 	-2.64216e-17 	0.128088 	-0.00421994 	-2.63999e-17
1.58 	0.128063 	-0.00408216 	-1.54156e-17 	0.127958 	-0.00407889 	-1.54046e-17
1.6 	0.127932 	-0.00394251 	1.25445e-17 	0.127829 	-0.0039394 	1.25314e-17
1.62 	0.127802 	-0.00380842 	3.87694e-17 	0.1277 	-0.00380547 	3.87344e-17
1.64 	0.127675 	-0.00367866 	5.80597e-17 	0.127575 	-0.00367585 	5.80094e-17
1.66 	0.12755 	-0.00355318 	5.13128e-17 	0.127451 	-0.00355051 	5.12684e-17
1.68 	0.127424 	-0.00343474 	3.13365e-17 	0.127327 	-0.0034322 	3.13092e-17
1.7 	0.127303 	-0.00331862 	3.09492e-17 	0.127208 	-0.0033162 	3.09248e-17
1.72 	0.127182 	-0.0032051 	3.06396e-17 	0.127088 	-0.0032028 	3.06171e-17
1.74 	0.127062 	-0.00309508 	3.22427e-17 	0.12697 	-0.00309289 	3.22194e-17
1.76 	0.126945 	-0.00298808 	4.30895e-17 	0.126855 	-0.00298601 	4.3059e-17
1.78 	0.126828 	-0.00288963 	2.68089e-17 	0.126739 	-0.00288765 	2.67909e-17
1.8 	0.126718 	-0.0027917 	1.78637e-18 	0.12663 	-0.00278983 	1.78658e-18
1.82 	0.126606 	-0.00269717 	-2.28599e-17 	0.126519 	-0.00269539 	-2.28417e-17
1.84 	0.126495 	-0.00260359 	-3.40644e-17 	0.12641 	-0.0026019 	-3.40383e-17
1.86 	0.126385 	-0.00251609 	-6.89166e-17 	0.126302 	-0.00251448 	-6.88673e-17
1.88 	0.126278 	-0.00243126 	-8.27935e-17 	0.126196 	-0.00242973 	-8.27357e-17
1.9 	0.126174 	-0.00234759 	-7.20876e-17 	0.126093 	-0.00234614 	-7.20379e-17
1.92 	0.126069 	-0.00227027 	-5.33764e-17 	0.125989 	-0.00226888 	-5.3341e-17
1.94 	0.125969 	-0.00219389 	-5.21445e-17 	0.12589 	-0.00219257 	-5.21116e-17
1.96 	0.125867 	-0.00211889 	-5.81924e-17 	0.125789 	-0.00211764 	-5.81571e-17
1.98 	0.125767 	-0.00204536 	-6.03516e-17 	0.125691 	-0.00204417 	-6.03165e-17
2 	0.125668 	-0.00197659 	-6.94281e-17 	0.125592 	-0.00197547 	-6.93887e-17
