-2 	0.998907 	0.99918
-1.98 	0.998893 	0.999167
-1.96 	0.99888 	0.999155
-1.94 	0.998866 	0.999142
-1.92 	0.998854 	0.999129
-1.9 	0.998842 	0.999116
-1.88 	0.998829 	0.999103
-1.86 	0.998816 	0.999089
-1.84 	0.998803 	0.999075
-1.82 	0.998789 	0.999061
-1.8 	0.998774 	0.999046
-1.78 	0.998758 	0.999032
-1.76 	0.998744 	0.999017
-1.74 	0.998728 	0.999002
-1.72 	0.998712 	0.998986
-1.7 	0.998697 	0.99897
-1.68 	0.998683 	0.998955
-1.66 	0.998668 	0.998939
-1.64 	0.998652 	0.998923
-1.62 	0.998635 	0.998906
-1.6 	0.998618 	0.998889
-1.58 	0.9986 	0.998872
-1.56 	0.998583 	0.998855
-1.54 	0.998564 	0.998837
-1.52 	0.998544 	0.99882
-1.5 	0.998524 	0.998801
-1.48 	0.998507 	0.998783
-1.46 	0.99849 	0.998765
-1.44 	0.998472 	0.998746
-1.42 	0.998452 	0.998728
-1.4 	0.998433 	0.998708
-1.38 	0.998415 	0.99869
-1.36 	0.998397 	0.99867
-1.34 	0.998379 	0.998651
-1.32 	0.99836 	0.998631
-1.3 	0.998342 	0.998612
-1.28 	0.998322 	0.998592
-1.26 	0.998303 	0.998573
-1.24 	0.998285 	0.998553
-1.22 	0.998267 	0.998534
-1.2 	0.998248 	0.998514
-1.18 	0.998229 	0.998494
-1.16 	0.99821 	0.998475
-1.14 	0.99819 	0.998456
-1.12 	0.99817 	0.998436
-1.1 	0.99815 	0.998418
-1.08 	0.99813 	0.998399
-1.06 	0.998112 	0.998381
-1.04 	0.998092 	0.998364
-1.02 	0.998074 	0.998346
-1 	0.998058 	0.99833
-0.98 	0.998039 	0.998313
-0.96 	0.998024 	0.998298
-0.94 	0.99801 	0.998283
-0.92 	0.997998 	0.998269
-0.9 	0.997988 	0.998256
-0.88 	0.997978 	0.998243
-0.86 	0.997966 	0.998232
-0.84 	0.997955 	0.998221
-0.82 	0.997945 	0.998212
-0.8 	0.997938 	0.998203
-0.78 	0.997931 	0.998196
-0.76 	0.997927 	0.998189
-0.74 	0.997923 	0.998184
-0.72 	0.997916 	0.99818
-0.7 	0.997914 	0.998177
-0.68 	0.997915 	0.998175
-0.66 	0.997911 	0.998173
-0.64 	0.997911 	0.998173
-0.62 	0.99791 	0.998173
-0.6 	0.99791 	0.998174
-0.58 	0.997909 	0.998175
-0.56 	0.997907 	0.998176
-0.54 	0.99791 	0.998176
-0.52 	0.997911 	0.998176
-0.5 	0.997913 	0.998176
-0.48 	0.997919 	0.998175
-0.46 	0.99792 	0.998174
-0.44 	0.997921 	0.998175
-0.42 	0.997907 	0.998164
-0.4 	0.997825 	0.998088
-0.3918 	0.997777 	0.998037
-0.3837 	0.99773 	0.997987
-0.3755 	0.997696 	0.997951
-0.3673 	0.997693 	0.997944
-0.3592 	0.997702 	0.997947
-0.351 	0.997709 	0.997951
-0.3429 	0.997708 	0.997951
-0.3347 	0.997706 	0.99795
-0.3265 	0.997692 	0.997937
-0.3184 	0.997673 	0.997919
-0.3102 	0.997654 	0.997901
-0.302 	0.997639 	0.997886
-0.2939 	0.997624 	0.997871
-0.2857 	0.99761 	0.997857
-0.2776 	0.997598 	0.997845
-0.2694 	0.997586 	0.997832
-0.2612 	0.997577 	0.997823
-0.2531 	0.997568 	0.997814
-0.2449 	0.99756 	0.997806
-0.2367 	0.997555 	0.9978
-0.2286 	0.997549 	0.997794
-0.2204 	0.997546 	0.997791
-0.2122 	0.997544 	0.997788
-0.2041 	0.997543 	0.997786
-0.1959 	0.997543 	0.997786
-0.1878 	0.997544 	0.997786
-0.1796 	0.997547 	0.997788
-0.1714 	0.997549 	0.99779
-0.1633 	0.997552 	0.997792
-0.1551 	0.997557 	0.997796
-0.1469 	0.997561 	0.9978
-0.1388 	0.997566 	0.997804
-0.1306 	0.997571 	0.997809
-0.1224 	0.997577 	0.997815
-0.1143 	0.997583 	0.997821
-0.1061 	0.997589 	0.997826
-0.098 	0.997594 	0.997831
-0.0898 	0.997599 	0.997837
-0.0816 	0.997605 	0.997842
-0.0735 	0.997611 	0.997848
-0.0653 	0.997614 	0.997852
-0.0571 	0.997618 	0.997856
-0.049 	0.997623 	0.997861
-0.0408 	0.997628 	0.997866
-0.0327 	0.997631 	0.997869
-0.0245 	0.997633 	0.997872
-0.0163 	0.997634 	0.997873
-0.0082 	0.997634 	0.997873
0 	0.997633 	0.997873
0.0082 	0.997634 	0.997873
0.0163 	0.997635 	0.997873
0.0245 	0.997634 	0.997872
0.0327 	0.997633 	0.99787
0.0408 	0.99763 	0.997867
0.049 	0.997625 	0.997862
0.0571 	0.99762 	0.997857
0.0653 	0.997617 	0.997853
0.0735 	0.997614 	0.997849
0.0816 	0.997609 	0.997844
0.0898 	0.997604 	0.997838
0.098 	0.9976 	0.997833
0.1061 	0.997596 	0.997828
0.1143 	0.997591 	0.997823
0.1224 	0.997586 	0.997818
0.1306 	0.997581 	0.997812
0.1388 	0.997577 	0.997807
0.1469 	0.997574 	0.997803
0.1551 	0.997571 	0.9978
0.1633 	0.997567 	0.997796
0.1714 	0.997565 	0.997794
0.1796 	0.997563 	0.997792
0.1878 	0.997561 	0.99779
0.1959 	0.99756 	0.99779
0.2041 	0.99756 	0.997791
0.2122 	0.997561 	0.997793
0.2204 	0.997564 	0.997796
0.2286 	0.997567 	0.997799
0.2367 	0.997572 	0.997805
0.2449 	0.997578 	0.997811
0.2531 	0.997586 	0.997819
0.2612 	0.997595 	0.997828
0.2694 	0.997604 	0.997838
0.2776 	0.997616 	0.99785
0.2857 	0.997628 	0.997863
0.2939 	0.997641 	0.997877
0.302 	0.997656 	0.997891
0.3102 	0.997671 	0.997906
0.3184 	0.997689 	0.997924
0.3265 	0.997707 	0.997942
0.3347 	0.997723 	0.997955
0.3429 	0.997729 	0.997959
0.351 	0.997727 	0.997955
0.3592 	0.997719 	0.997948
0.3673 	0.997715 	0.997948
0.3755 	0.997713 	0.997953
0.3837 	0.997741 	0.997989
0.3918 	0.997785 	0.998038
0.4 	0.997835 	0.998091
0.42 	0.997928 	0.998168
0.44 	0.997941 	0.998178
0.46 	0.997937 	0.998174
0.48 	0.997934 	0.998175
0.5 	0.997935 	0.998177
0.52 	0.997931 	0.998177
0.54 	0.997927 	0.998177
0.56 	0.997925 	0.998176
0.58 	0.997921 	0.998175
0.6 	0.99792 	0.998174
0.62 	0.997921 	0.998173
0.64 	0.997924 	0.998173
0.66 	0.997925 	0.998173
0.68 	0.997926 	0.998175
0.7 	0.997927 	0.998177
0.72 	0.997928 	0.99818
0.74 	0.997931 	0.998184
0.76 	0.997935 	0.998189
0.78 	0.997939 	0.998196
0.8 	0.997944 	0.998203
0.82 	0.997951 	0.998212
0.84 	0.997962 	0.998221
0.86 	0.997971 	0.998232
0.88 	0.997981 	0.998243
0.9 	0.997995 	0.998256
0.92 	0.998008 	0.998269
0.94 	0.998022 	0.998283
0.96 	0.998036 	0.998298
0.98 	0.998049 	0.998314
1 	0.998064 	0.99833
1.02 	0.998078 	0.998347
1.04 	0.998096 	0.998364
1.06 	0.998112 	0.998382
1.08 	0.998129 	0.9984
1.1 	0.998146 	0.998418
1.12 	0.998163 	0.998437
1.14 	0.998183 	0.998456
1.16 	0.998204 	0.998476
1.18 	0.998224 	0.998495
1.2 	0.998246 	0.998515
1.22 	0.998265 	0.998534
1.24 	0.998285 	0.998553
1.26 	0.998306 	0.998573
1.28 	0.998326 	0.998593
1.3 	0.998347 	0.998613
1.32 	0.998365 	0.998632
1.34 	0.998384 	0.998652
1.36 	0.998403 	0.998671
1.38 	0.998421 	0.998691
1.4 	0.998441 	0.998709
1.42 	0.998459 	0.998728
1.44 	0.998476 	0.998748
1.46 	0.998495 	0.998766
1.48 	0.998511 	0.998784
1.5 	0.998527 	0.998803
1.52 	0.998546 	0.998821
1.54 	0.998563 	0.998838
1.56 	0.998581 	0.998856
1.58 	0.998601 	0.998873
1.6 	0.998619 	0.99889
1.62 	0.998635 	0.998907
1.64 	0.99865 	0.998924
1.66 	0.998666 	0.99894
1.68 	0.998684 	0.998956
1.7 	0.998699 	0.998972
1.72 	0.998715 	0.998988
1.74 	0.998732 	0.999003
1.76 	0.998747 	0.999018
1.78 	0.99876 	0.999033
1.8 	0.998775 	0.999048
1.82 	0.99879 	0.999062
1.84 	0.998804 	0.999076
1.86 	0.998818 	0.99909
1.88 	0.998833 	0.999104
1.9 	0.998845 	0.999117
1.92 	0.998857 	0.999131
1.94 	0.998869 	0.999144
1.96 	0.998882 	0.999157
1.98 	0.998893 	0.999169
2 	0.998905 	0.999182
