-1 	0.124377 	0.0114112 	1.12486e-17 	0.124314 	0.0114055 	1.12472e-17
-0.979798 	0.124342 	0.0116613 	3.72562e-17 	0.12428 	0.0116555 	3.72422e-17
-0.959596 	0.124278 	0.0119141 	1.01684e-16 	0.124216 	0.0119082 	1.01634e-16
-0.939394 	0.124204 	0.012172 	1.45477e-16 	0.124142 	0.012166 	1.45402e-16
-0.919192 	0.124135 	0.0124325 	1.1559e-16 	0.124073 	0.0124263 	1.15527e-16
-0.89899 	0.124081 	0.0126999 	-1.8814e-17 	0.12402 	0.0126937 	-1.88083e-17
-0.878788 	0.124026 	0.0129702 	-1.48709e-16 	0.123966 	0.012964 	-1.48637e-16
-0.858586 	0.123931 	0.0132485 	-1.39593e-16 	0.123871 	0.0132422 	-1.39527e-16
-0.838384 	0.123834 	0.0135286 	-1.18867e-16 	0.123774 	0.0135221 	-1.18814e-16
-0.818182 	0.123733 	0.0138142 	-9.83457e-17 	0.123674 	0.0138077 	-9.8302e-17
-0.79798 	0.123632 	0.0141013 	-7.77846e-17 	0.123574 	0.0140946 	-7.77503e-17
-0.777778 	0.123541 	0.0144018 	-2.71546e-17 	0.123483 	0.0143952 	-2.71431e-17
-0.757576 	0.123452 	0.0147078 	3.86806e-17 	0.123395 	0.0147011 	3.86624e-17
-0.737374 	0.123308 	0.0150141 	1.39465e-16 	0.123252 	0.0150073 	1.39398e-16
-0.717172 	0.12313 	0.0153192 	2.57027e-16 	0.123073 	0.0153121 	2.56903e-16
-0.69697 	0.123013 	0.0156382 	2.16917e-16 	0.122957 	0.0156312 	2.16812e-16
-0.676768 	0.122944 	0.0159668 	5.97027e-17 	0.122891 	0.0159599 	5.96722e-17
-0.656566 	0.122815 	0.0162991 	-5.347e-17 	0.122763 	0.0162922 	-5.3449e-17
-0.636364 	0.122641 	0.0166347 	-1.31548e-16 	0.122589 	0.0166276 	-1.31494e-16
-0.616162 	0.122452 	0.0169765 	-1.02846e-16 	0.1224 	0.0169693 	-1.02804e-16
-0.59596 	0.122273 	0.0173283 	-1.58027e-18 	0.122221 	0.0173209 	-1.58204e-18
-0.575758 	0.122207 	0.0177019 	2.69059e-17 	0.122158 	0.0176949 	2.68933e-17
-0.555556 	0.12218 	0.01809 	1.30473e-18 	0.122136 	0.0180835 	1.30405e-18
-0.535354 	0.121947 	0.0184694 	-5.32032e-17 	0.121903 	0.0184628 	-5.31833e-17
-0.515152 	0.121675 	0.0188506 	-9.25129e-17 	0.121631 	0.0188437 	-9.24776e-17
-0.494949 	0.121384 	0.0192402 	-5.84603e-17 	0.121339 	0.0192331 	-5.84389e-17
-0.474747 	0.121253 	0.0196388 	-1.74373e-17 	0.121211 	0.019632 	-1.74301e-17
-0.454545 	0.121454 	0.0200689 	4.21953e-17 	0.12142 	0.0200633 	4.21848e-17
-0.434343 	0.121716 	0.0205587 	6.11115e-17 	0.121688 	0.0205539 	6.10982e-17
-0.414141 	0.121984 	0.0210879 	5.23563e-17 	0.12196 	0.0210836 	5.23492e-17
-0.393939 	0.120546 	0.021617 	2.63095e-17 	0.120508 	0.02161 	2.6309e-17
-0.373737 	0.1182 	0.0220673 	2.21595e-18 	0.118146 	0.0220571 	2.22211e-18
-0.353535 	0.113068 	0.0222722 	-1.45869e-17 	0.112995 	0.0222576 	-1.45717e-17
-0.333333 	0.10559 	0.0221425 	-2.16256e-17 	0.105502 	0.0221239 	-2.1604e-17
-0.313131 	0.0970879 	0.0218637 	-2.37593e-17 	0.0969871 	0.0218411 	-2.37331e-17
-0.292929 	0.0868657 	0.0211203 	-2.08302e-17 	0.0867602 	0.0210948 	-2.08044e-17
-0.272727 	0.0764342 	0.0201914 	-1.76904e-17 	0.0763281 	0.0201635 	-1.76662e-17
-0.252525 	0.0659945 	0.0190958 	-1.47389e-17 	0.065892 	0.0190664 	-1.47171e-17
-0.232323 	0.056043 	0.0178082 	-1.23078e-17 	0.0559489 	0.0177786 	-1.22885e-17
-0.212121 	0.0464292 	0.0164533 	-1.022e-17 	0.0463452 	0.016424 	-1.0203e-17
-0.191919 	0.0375206 	0.0149812 	-8.94047e-18 	0.0374499 	0.0149534 	-8.92495e-18
-0.171717 	0.0293581 	0.0134521 	-8.14418e-18 	0.0293011 	0.0134263 	-8.12953e-18
-0.151515 	0.0216913 	0.0118973 	-7.55487e-18 	0.0216478 	0.0118738 	-7.54084e-18
-0.131313 	0.0150817 	0.010307 	-7.238e-18 	0.0150514 	0.0102864 	-7.22428e-18
-0.111111 	0.00924108 	0.0087063 	-7.2504e-18 	0.00922244 	0.00868865 	-7.2364e-18
-0.0909091 	0.00401796 	0.00709442 	-7.48078e-18 	0.00400986 	0.00707982 	-7.46613e-18
-0.0707071 	0.000136623 	0.00547819 	-7.86212e-18 	0.000136859 	0.00546687 	-7.84653e-18
-0.0505051 	-0.0029366 	0.00385543 	-8.23585e-18 	-0.00292988 	0.00384736 	-8.21939e-18
-0.030303 	-0.00527776 	0.0022318 	-8.6412e-18 	-0.00526615 	0.00222696 	-8.62385e-18
-0.010101 	-0.00605327 	0.000609062 	-9.01735e-18 	-0.00604017 	0.000607592 	-8.99938e-18
0.010101 	-0.00599962 	-0.00101385 	-9.34059e-18 	-0.00598663 	-0.00101194 	-9.32189e-18
0.030303 	-0.00511524 	-0.00263589 	-9.61327e-18 	-0.00510396 	-0.0026306 	-9.59373e-18
0.0505051 	-0.00268103 	-0.00425112 	-9.82595e-18 	-0.00267486 	-0.00424251 	-9.80592e-18
0.0707071 	0.000471611 	-0.00586712 	-1.00299e-17 	0.00047106 	-0.0058552 	-1.00094e-17
0.0909091 	0.00443324 	-0.00748038 	-1.02289e-17 	0.00442417 	-0.00746511 	-1.02079e-17
0.111111 	0.0096802 	-0.00908156 	-1.03293e-17 	0.00966023 	-0.00906309 	-1.0308e-17
0.131313 	0.0155588 	-0.0106806 	-1.03888e-17 	0.0155269 	-0.0106591 	-1.03674e-17
0.151515 	0.0222027 	-0.012265 	-1.03727e-17 	0.0221575 	-0.0122406 	-1.03514e-17
0.171717 	0.0298538 	-0.0138181 	-1.02562e-17 	0.0297946 	-0.0137912 	-1.02353e-17
0.191919 	0.0380223 	-0.0153398 	-1.00735e-17 	0.0379492 	-0.0153108 	-1.00533e-17
0.212121 	0.0469096 	-0.0168034 	-9.98732e-18 	0.046823 	-0.016773 	-9.96789e-18
0.232323 	0.0564943 	-0.0181636 	-1.0015e-17 	0.0563967 	-0.0181327 	-9.99641e-18
0.252525 	0.0664088 	-0.0194278 	-9.58392e-18 	0.0663027 	-0.0193972 	-9.56715e-18
0.272727 	0.0768082 	-0.0205197 	-8.22996e-18 	0.076698 	-0.0204906 	-8.21643e-18
0.292929 	0.0871397 	-0.0214079 	-5.29355e-18 	0.0870304 	-0.0213812 	-5.28445e-18
0.313131 	0.0972928 	-0.0221357 	-1.35071e-18 	0.0971878 	-0.0221119 	-1.34629e-18
0.333333 	0.10608 	-0.022454 	7.12408e-18 	0.105987 	-0.0224342 	7.12228e-18
0.353535 	0.11331 	-0.0225273 	2.01524e-17 	0.113232 	-0.0225118 	2.01444e-17
0.373737 	0.118419 	-0.0223049 	3.45084e-17 	0.118361 	-0.0222938 	3.44968e-17
0.393939 	0.120909 	-0.0218366 	3.91217e-17 	0.120869 	-0.0218292 	3.91102e-17
0.414141 	0.122003 	-0.0212818 	3.62597e-17 	0.121975 	-0.0212769 	3.62492e-17
0.434343 	0.121755 	-0.0207364 	-1.18826e-17 	0.121725 	-0.0207312 	-1.18802e-17
0.454545 	0.121446 	-0.0202339 	-7.90029e-17 	0.121409 	-0.0202277 	-7.89777e-17
0.474747 	0.121264 	-0.0198 	-1.45106e-16 	0.121218 	-0.0197925 	-1.4505e-16
0.494949 	0.121368 	-0.0193821 	-1.73126e-16 	0.121319 	-0.0193743 	-1.73052e-16
0.515152 	0.121666 	-0.0189907 	-1.34301e-16 	0.121618 	-0.0189832 	-1.34235e-16
0.535354 	0.121949 	-0.0186033 	3.891e-18 	0.121903 	-0.0185962 	3.89972e-18
0.555556 	0.122171 	-0.0182166 	1.40608e-16 	0.122124 	-0.0182096 	1.40558e-16
0.575758 	0.122198 	-0.0178226 	1.86158e-16 	0.122147 	-0.0178153 	1.86078e-16
0.59596 	0.122255 	-0.0174395 	1.69492e-16 	0.122201 	-0.0174319 	1.69411e-16
0.616162 	0.12243 	-0.0170806 	6.64617e-17 	0.122376 	-0.0170732 	6.64248e-17
0.636364 	0.122637 	-0.0167361 	4.19648e-18 	0.122584 	-0.0167289 	4.18778e-18
0.656566 	0.122819 	-0.0163958 	3.50681e-17 	0.122766 	-0.0163887 	3.50493e-17
0.676768 	0.122934 	-0.0160549 	1.038e-16 	0.122879 	-0.0160477 	1.0375e-16
0.69697 	0.123002 	-0.0157205 	1.30663e-16 	0.122944 	-0.0157131 	1.30598e-16
0.717172 	0.123124 	-0.0153997 	4.08767e-17 	0.123064 	-0.0153924 	4.08553e-17
0.737374 	0.1233 	-0.0150876 	-1.21773e-16 	0.123241 	-0.0150805 	-1.21717e-16
0.757576 	0.123448 	-0.0147804 	-2.48927e-16 	0.12339 	-0.0147735 	-2.48811e-16
0.777778 	0.123544 	-0.0144682 	-2.65004e-16 	0.123485 	-0.0144613 	-2.64879e-16
0.79798 	0.123625 	-0.0141672 	-1.88138e-16 	0.123564 	-0.0141602 	-1.8805e-16
0.818182 	0.12372 	-0.0138735 	-1.06285e-16 	0.123657 	-0.0138666 	-1.06234e-16
0.838384 	0.123828 	-0.0135887 	-6.16893e-17 	0.123765 	-0.0135818 	-6.16546e-17
0.858586 	0.123931 	-0.0133027 	-2.99707e-17 	0.123868 	-0.0132961 	-2.99502e-17
0.878788 	0.124013 	-0.0130239 	2.21383e-17 	0.12395 	-0.0130173 	2.21303e-17
0.89899 	0.124061 	-0.0127452 	1.68018e-16 	0.123997 	-0.0127387 	1.67926e-16
0.919192 	0.124115 	-0.0124785 	3.14529e-16 	0.12405 	-0.0124721 	3.14356e-16
0.939394 	0.124188 	-0.0122149 	3.29182e-16 	0.124123 	-0.0122086 	3.29002e-16
0.959596 	0.124261 	-0.0119564 	2.25819e-16 	0.124196 	-0.0119502 	2.257e-16
0.979798 	0.124321 	-0.0117018 	1.00851e-16 	0.124255 	-0.0116957 	1.00801e-16
1 	0.124354 	-0.0114474 	3.37204e-17 	0.124288 	-0.0114414 	3.37036e-17
